	2016-01-15	2016-01-19	2016-01-26	2016-02-24	2016-03-03
time	1	2	3	4	5
PM1527	-0.730579766045755	-0.725094254734794	-0.730792271143038	1.18300162810806	1.00346466381552
PM0594	-0.699021484609931	-0.729350091304625	-0.75581459990071	1.1989272435727	0.985258932242561
PM1062	-0.648832992808105	-0.656619497324382	-0.872558634129437	1.00344334944633	1.1745677748156
PM1888	-0.714322826945918	-0.662269469366563	-0.70917524481166	0.611027658418386	1.47473988270576
PM0799	-0.735307691328962	-0.726670662253487	-0.727715310042375	1.1413420195372	1.04835164408763
PM0006	-0.636438907695857	-0.628654044241052	-0.653198611680787	0.276082855862366	1.64220870775533
PM1013	-0.671003937060644	-0.759271436970675	-0.756511070589102	1.02291583466737	1.16387060995305
NM0522	-0.689909101562033	-0.72445520358031	-0.772188174231736	1.17204692152832	1.01450555784576
PM1049	-0.619169939371433	-0.807969621076386	-0.757292602566436	1.04504800814684	1.13938415486742
PM2363	-0.693640304578091	-0.700127229089896	-0.649904884704338	1.53076162365338	0.512910794718942
NM4327	-0.849331335409575	-0.550940877032677	-0.777288806932034	1.09305524797373	1.08450577140055
PM1244	-0.724903880136575	-0.738303273652154	-0.715464568959267	1.23804338218334	0.940628340564649
PM1843	-0.732752108205688	-0.729597233317951	-0.626028611444504	0.620993297461899	1.46738465550624
PM1111	-0.737255271134649	-0.724797009548267	-0.717859296715346	0.948897737500483	1.23101383989778
PM0626	-0.688029371110163	-0.729602097400273	-0.761985247574937	1.22821054718298	0.951406168902388
PM0034	-0.721176879266083	-0.704952953441278	-0.73683414840481	1.30599712166835	0.856966859443816
PM2000	-0.675210493376432	-0.691069352384745	-0.709230581647825	0.585188006130521	1.49032242127848
PM1180	0.929910162473399	0.745458244210485	0.0158676959313797	-1.60363109034407	-0.0876050122711946
NM4287	-0.679310582595686	-0.38899967300179	-0.958377325843389	0.557823202983734	1.46886437845713
PM2540	-0.567877881262114	-0.670370588039411	-0.883074424274064	1.37553613492104	0.745786758654547
PM2688	-0.823926723464346	-0.566625910079954	-0.788946569364685	1.12534984958986	1.05414935331914
PM2739	-0.679088918537113	-0.791927728274688	-0.715099985640538	1.01968339168	1.16643324077234
PM2871	-1.52970708694836	0.531484428228853	0.745154271096859	0.755121434593912	-0.502053046971281
NM3534	-1.75788072744184	0.445305479665291	0.414374596713076	0.187882153612122	0.710318497451355
PM2367	-0.751752523581497	-0.722021100137027	-0.681848468802454	0.827528169343932	1.32809392317705
PM2644	-0.800970118837547	-0.390969857461281	-0.50610283824367	-0.0192454458326998	1.7172882603752
PM2756	-0.469910727460361	-0.830295054714021	-0.66131250114153	0.377152142743203	1.58436614057271
PM2846	-0.690087418382232	-0.690087418382232	-0.690087418382232	0.572343291503139	1.49791896364356
PM2260	-0.726141941023881	-0.721259309406183	-0.737901944923414	0.992081766345049	1.19322142900843
PM1171	-0.519296963690889	-0.30681657135927	-0.585071466118279	-0.366359942580493	1.77754494374893
PM1976	-0.697009436318143	-0.741287849560482	-0.749533650630904	1.16307966771983	1.0247512687897
NM1446	-0.63559222060579	-0.697095139869399	-0.761552765068274	0.636512324550344	1.45772780099312
PM2198	-0.720260019170494	-0.733269387292336	-0.736722810954003	1.12813082287776	1.06212139453908
PM2549	-0.735142536156296	-0.414562941950973	-0.973343079625654	0.853391293982265	1.26965726375064
PM2342	-0.542679288497931	-0.716338269229129	-0.65257750762224	0.270449656233481	1.64114540911582
PM2850	-0.484636308992592	-0.644356261685271	-1.01581314835218	0.977638632414678	1.16716708661537
PM3083	0.97801778657489	0.517708509959538	0.60998487457159	-0.747595210960949	-1.35811596014507
PM3067	-0.990471441797436	-0.82415917384286	1.48505970569405	0.364806900494447	-0.0352359905481932
PM3706	-1.05701028919065	0.604868219401087	-1.05701028919065	1.11570116681511	0.393451192165108
PM2702	-0.151888055748211	-0.977889942786072	-0.782367152156197	0.417364222481038	1.49478092820944
PM1971	-0.417086400137494	-0.657554498453581	-0.935752411034065	0.506604731525106	1.50378857810003
PM2336	-0.737434204405578	-0.728756965631395	-0.660622591255144	0.726499264578238	1.40031449671388
PM2246	-0.684036358401815	-0.686421044041942	-0.807729216901117	1.22371397765944	0.954472641685437
PM2619	-0.423343094155505	-0.24863601543697	-1.30556039274831	1.21141473279611	0.766124769544667
PM2297	-0.603500281289338	-0.760894961452459	-0.745329627503384	1.42623859242142	0.683486277823765
PM1048	-0.670329378695155	-0.685036878265807	-0.818554047301136	1.24250359699362	0.931416707268479
PM2056	-0.748595367791749	-0.768230742201868	-0.66423579595281	1.2123952025428	0.968666703403628
NM3853	-0.203872647332222	-0.144653730035233	-0.117551363163301	1.61417584554443	-1.14809810501369
NM1340	-0.615044487226429	-0.708578922951852	-0.815714878293637	0.781692348512604	1.35764593995932
NM0692	-0.656836407891941	-0.789798214446207	-0.74127032251447	1.12427572117383	1.06362922367879
PM1801	-0.729241176803022	-0.722746899962823	-0.738438827927015	1.06721961679571	1.12320728789715
PM0996	-0.713926317199786	-0.732199783191902	-0.738317098450426	1.19988893141002	0.984554267432099
PM1015	-0.707209809789693	-0.736609946227741	-0.725911462131249	1.28037243977033	0.889358778378349
PM1018	-0.725047789209045	-0.729485598056812	-0.713306373040337	1.28835308512309	0.879486675183105
PM1454	-0.732544887504858	-0.732975452407785	-0.719986203895291	0.993946861067176	1.19155968274076
PM1594	-0.919888970350144	-0.502041057584128	-0.588415361848181	0.488073996595	1.52227139318744
PM1499	-0.47204574622461	-0.691644802576548	-0.874822586875908	1.49660226011399	0.541910875563072
PM1836	-0.722707816171109	-0.710459179751818	-0.705258363412936	0.761706339520038	1.37671901981583
PM1849	-0.730180473403317	-0.722359837505752	-0.730863975937625	1.20841428971832	0.97498999712837
PM2255	-0.69344365350958	-0.739943251544314	-0.756546993309433	1.12096013305144	1.06897376531188
PM1860	-0.729343707859807	-0.71799049752966	-0.742235743006274	1.1423518934143	1.04721805498144
PM1890	-0.748910599434196	-0.659973693958147	-0.768750706790878	1.23294052242911	0.944694477754106
PM1902	-0.712076420062096	-0.716998928575342	-0.735372500454832	0.863512072708967	1.3009357763833
PM1935	-0.73926323652931	-0.567580194217798	-0.546348525424173	0.179707209323597	1.67348474684768
PM1936	-0.725130119388069	-0.723470295777229	-0.74200191465777	1.11580623764163	1.07479609218144
PM1944	-0.615823978379776	-0.814661240541112	-0.666915099697986	0.653245931657192	1.44415438696168
PM1956	-0.848070150427501	-0.623883160888278	-0.632475746178036	0.679917320190145	1.42451173730367
PM1977	-0.790368066456479	-0.687709748095843	-0.701104217120599	1.22451568936294	0.95466634230998
PM1979	-0.713989021218888	-0.734243819013108	-0.736438838022946	1.19809111981529	0.986580558439648
PM1990	-0.714734813073071	-0.745958582405538	-0.71344464726142	0.913491140915416	1.26064690182462
NM3793	-0.730126797201334	-0.730126797201334	-0.730126797201334	1.12569798221728	1.06468240938673
PM2201	-0.384637352453557	-0.82454794790839	-0.896455127573413	0.77742759690341	1.32821283103195
PM2296	-0.257012248741255	-0.510440574545663	0.395649409172862	-1.12706016967478	1.49886358378882
PM2318	-1.5737445292119	-0.13859624641506	-0.0130733222415072	0.950517700165262	0.774896397703201
NM2328	-0.683743799768616	-0.717443600795037	-0.771749272710635	0.911332299516453	1.26160437375783
NM3057	-0.595976932160332	-0.597258026637391	-0.556136459838105	1.72576044276344	0.0236109758723838
NM3471	-0.708141245714819	-0.741836742377735	-0.736636119631877	1.17973859607855	1.00687551164588
NM3850	-1.24585791444508	-0.365716070947657	-0.384456009796158	0.702874761308475	1.29315523388042
NM4303	-1.73817745141203	0.0383260807810006	0.636193460562255	0.590327095375136	0.473330814693634
NM4280	-0.424932471337216	-0.552201150650631	-0.78878421008305	0.0665359683134842	1.69938186375741
PM2493	-0.558478230089573	-1.02684538444087	-0.545394417752477	0.883348184725917	1.247369847557
PM2632	-1.30720690881798	-0.35960553474994	-0.339341713983448	0.871901802644487	1.13425235490688
PM0716	-0.701695268842598	-0.700909834679361	-0.696747543932938	1.45418296407414	0.645169683380753
PM0901	0.725333956875702	0.729311426914256	0.718981833552188	-1.26391947617972	-0.909707741162429
PM1019	-0.725055614428943	-0.740262501511677	-0.725291471511622	1.07441360091182	1.11619598654042
PM1121	-0.718563813785419	-0.741132697320217	-0.714814843767172	1.25927063808771	0.9152407167851
NM2977	-0.719823392871927	-0.703291747846463	-0.743190577198131	1.29346516804931	0.872840549867215
PM1810	-0.513675920784263	-0.914735006562943	-0.700394460313119	1.33173986564843	0.797065522011917
PM1811	-0.52224049069423	-0.729885953938413	-0.916520805264629	1.04555810936817	1.12308914052911
PM2002	-0.669982159805724	-0.756516995727445	-0.76279335193475	1.10966959114861	1.07962291631931
PM2134	-0.754841389229325	-0.695315362571136	-0.718817707281258	0.887222147350152	1.28175231173157
NM3981	-0.0887406336282472	-1.38522766282705	-0.450593450363991	1.05784761948527	0.866714127334022
NM3982	-0.581368838158969	-1.03278082380465	-0.483559445312621	1.33289025339538	0.764818853880864
PM2262	-0.735222354424344	-0.729078301518842	-0.70844989344166	0.905310102219158	1.26744044716569
PM2325	-0.0501318946434106	-0.0847737837818857	-0.610825351972417	-0.919251972350459	1.66498300274817
PM1926	-0.568255905077349	-0.771800503472245	-0.834043335797694	0.981158243584086	1.1929415007632
PM2291	0.614549307200068	0.609008603379333	0.614064937779912	-1.68885462290721	-0.148768225452103
PM2293	-0.695925832514049	-0.621530965493745	-0.655498868560003	1.60024924707229	0.372706419495502
PM2654	-0.655236109262179	-0.624144544522612	-0.715123381087171	0.413863379423637	1.58064065544833
PM2151	-0.340022008202304	-0.936344738051174	-0.809459394467774	0.74535323645174	1.34047290426951
PM0964	-0.683331071415574	-0.742490007479142	-0.763030895254105	1.04962305105575	1.13922892309308
PM1704	-0.595323499144126	-0.7108889470098	-0.710657270877539	0.460114080140655	1.55675563689081
PM2187	-0.741904713531808	-0.659758652426203	-0.718904854575639	0.707391111124728	1.41317710940892
NM4272	-0.712785333561297	-0.915918041354788	-0.533663951250635	0.958062238709749	1.20430508745697
NM4350	-0.155167017613459	0.198912233783441	-1.61519764543188	0.570363361089576	1.00108906817232
PM2004	-0.728251882819819	-0.736674657956093	-0.725927089646315	1.08952389029341	1.10132974012882
PM1795	-0.68838115334177	-0.733535387215372	-0.757848491354964	1.22778663192846	0.951978399983641
PM2126	-0.752940538218256	-0.721783773762918	-0.712426039757137	1.17340166633949	1.01374868539882
PM0834	-0.456873013339943	-0.440019721676656	-0.523379686684469	1.78603967349508	-0.365767251794008
NM1550	-0.707283109422645	-0.736865287433037	-0.715233216925853	1.31818307064232	0.841198543139215
PM1996	-0.682999217324112	-0.750806113574475	-0.687110161966218	0.707937810585062	1.41297768227974
PM0711	-0.637410955399103	-0.773617622280893	-0.753182047110754	1.2895131691838	0.874697455606949
PM1307	-0.893653514401144	0.341944298570288	-0.822083214174848	1.54275363930763	-0.168961209301928
NM0104	0.592154626597018	0.783052499077657	0.806868924789102	-1.13802884930353	-1.04404720116025
PM1768	-0.704706627002121	-0.740336185863957	-0.73747201977105	1.2132008960007	0.969313936636431
PM1927	-0.600450115376122	-0.773404640604614	-0.766681023128862	0.78517280121938	1.35536297789022
PM1024	-0.72435743275315	-0.730203663862602	-0.722329829698788	0.92888123864418	1.24800968767036
NM2174	0.417949897042552	0.892851200559522	0.84222669654612	-1.09914648043552	-1.05388131371268
PM2111	-0.826336552073768	-0.609411417237783	-0.742269490781628	1.19611055558304	0.981906904510136
PM0320	-0.750806501830457	-0.635633582199334	-0.794126407321723	1.20025525025265	0.980311241098863
NM1145	0.706819761889389	0.731501933928631	0.752284776940262	-1.09530323637914	-1.09530323637914
PM0466	0.339601111917883	0.516140082148829	-0.551261377994647	1.12604554801776	-1.43052536408984
PM0682	-0.648000733245108	-0.634383147231134	-0.777635259522406	1.50492906148712	0.555090078511529
NM2680	0.16200698156219	-0.530563522300689	-0.189381991820074	-1.04404676628541	1.60198529884398
PM3167	-0.733933618122242	-0.73670763738195	-0.720084458011388	1.08049512972285	1.11023058379273
PM2383	-0.715555428190404	-0.712282631447298	-0.754026065933318	0.964811004290118	1.2170531212809
PM2128	-0.76398010500239	-0.718542746783041	-0.693185070308596	0.925569184533728	1.2501387375603
PM2384	-0.897327180319047	-0.605564066584297	-0.617649524272409	0.745422345432562	1.37511842574319
PM2807	-0.0971767731051262	-0.951438097236016	-0.951438097236016	0.700041623780952	1.30001134379621
PM3023	-0.75696835270643	-0.758100835666528	-0.674018761330463	1.06349788356139	1.12559006614203
PM1040	-0.7367789372032	-0.695941864757066	-0.733953518977451	0.874896348669275	1.29177797226844
PM2594	-0.717036678321119	-0.726924239972459	-0.727241505290954	1.27467707246088	0.896525351123653
NM4337	-0.800107435810675	-0.673343937968467	-0.386254561020144	1.64678754059614	0.21291839420315
NM4281	-0.534600739023634	-0.54755928524844	-0.651870462299829	1.72899404673016	0.00503643984174645
PM2233	-0.770926620907152	-0.714359465635273	-0.703504127303231	1.14461134825984	1.04417886558581
PM2226	-0.759246164993044	-0.678453372649084	-0.688991575884623	0.726351977990991	1.40033913553576
PM2308	-0.585785983946669	-0.834876861870933	-0.736226901605088	1.29259279526158	0.864296952161124
PM2312	-0.739199350457515	-0.730546540535439	-0.721092861620404	1.09887895278057	1.09195979983279
PM2286	-0.668174865190657	-0.73859564838822	-0.746415285717229	1.33425401022927	0.818931789066837
PM2532	0.110971808428949	0.0809548471679836	0.134925067084247	1.23469980762063	-1.56155153030181
NM1254	-1.49706257756011	-0.0260843414322143	-0.302540857032951	0.916333018479542	0.909354757545735
NM4270	-1.06641722226363	-1.06641722226363	0.3897188610249	1.03648483131125	0.70663075219111
PM2159	-0.665536018763574	-0.720652201203346	-0.775682446527557	1.30364205233479	0.858228614159688
PM2158	-0.807235168379131	-0.702821789959005	-0.67725743277351	1.13586597107538	1.05144842003626
NM3747	-0.688797246223607	-0.764701086402127	-0.735026000628407	1.14768501673662	1.04083931651752
PM2143	-0.704768139869872	-0.715782428658309	-0.736039823532978	0.829536575620481	1.32705381644068
PM2295	-0.229517368393803	-1.45767421488126	-0.185367471000679	0.804166212714871	1.06839284156087
PM1149	-0.782767728868879	-0.674720376307269	-0.723552212705819	1.21305761813696	0.967982699745009
PM1900	-0.681896035195548	-0.74116579314325	-0.760109458241364	0.980216342140913	1.20295494443925
NM2302	1.22959566892565	0.50962783210906	0.290688854686973	-1.21940894441601	-0.810503411305664
PM2804	-0.396161483249756	-0.580948941498857	-0.556485674435031	-0.238169512818443	1.77176561200209
PM2541	-0.747498394203163	-0.281730268383283	-0.181734453694703	-0.533735488866704	1.74469860514786
PM2839	-0.694201583306366	-0.750405856349915	-0.716706824243312	1.31051237651236	0.850801887387235
PM1838	-0.707071293842371	-0.737627553044628	-0.726625437656993	0.897717100520412	1.27360718402358
PM2019	-0.623864355928909	-0.812589270686924	-0.748946850530481	1.12083326978833	1.06456720735799
NM4256	-0.624010525719656	-0.61142998266279	-0.695734763296387	1.63192029084781	0.29925498083102
PM1880	-0.681114295599135	-0.746170696989057	-0.743401987638422	1.2733928307103	0.897294149516313
NM1240	-0.687378644422431	-0.721768248651183	-0.75116837282078	1.31342383932586	0.846891426568539
