	01-15	01-18	01-19	01-22	01-25	01-29	02-16	02-19	02-22	02-25	02-27	03-03
time	1	2	3	4	5	6	7	8	9	10	11	1
PM1527	-1.08834374080635	-1.07484014743525	-1.08988491252234	-1.0959189862474	-1.08137437530196	0.376902751307764	1.02053983474165	0.407436340025093	1.33146101800341	1.15234980418375	0.570389435956814	0.571282978094826
PM0594	-1.04106755975032	-1.04492732538893	-1.09726473928804	-1.07699937117878	-1.12641237468873	0.999112514703561	1.0630395136171	0.317703408911053	1.19878900087235	0.822739874890743	0.918658367395878	0.0666286899041012
PM1062	-0.913799441433453	-0.925344000968144	-0.911338646709069	-1.36186910808009	-1.37275031664158	1.15370237826801	0.788621135855572	0.430200741218098	0.863594949506137	0.609296524812114	1.08412650270846	0.555559281463957
PM1888	-0.892067484254464	-0.887371696405014	-0.808232582460467	-0.951163765911713	-0.831227854825931	1.97321271399751	0.122731641857291	0.0821014595732323	0.471730835881238	0.13453335294799	1.72951608067868	-0.143762701078358
PM0799	-1.05779971226666	-1.05128724936917	-1.04784343332549	-1.03540737714161	-1.06542629845237	0.904102063678345	0.828197937902726	0.639031378977031	1.13960861283504	1.22560875875168	0.818436754872212	-0.297221436461737
PM0006	-0.856921821233508	-0.893241386374079	-0.811880048598515	-0.852926813552083	-0.896757433243979	0.202873396436689	1.12745539098435	0.0416951682971568	0.0136209146248542	2.26435643637059	0.886070005936058	-0.224343809647545
PM1013	-0.758991454798649	-0.829974134097714	-0.87304291561243	-0.835291539671756	-0.857998147955471	-0.719042806100099	1.02394147468645	0.578082631632755	1.33265684468938	1.64868571923023	-0.597098882119033	0.888073210116337
NM0522	-1.06429463876834	-1.08884896447136	-1.10628561763442	-1.13852228293933	-1.15421937247248	0.91264141992482	0.824701737392218	0.82908905978561	0.990011682939803	0.785877616403267	0.991791036032589	0.218058323807622
PM1049	-0.528886106279885	-0.582594867666945	-1.3307860110476	-0.450156296669962	-2.04496863986235	1.06906065225045	0.815659970569812	0.232410267967837	0.921183413574595	0.473090581758724	1.08313834010154	0.342848695303788
PM2363	-0.786112771141549	-0.827092374866505	-0.759856935059607	-0.746820521896131	-0.735730592694508	-0.588717067826749	0.978750027795756	0.484236373958111	2.14645281933255	0.151782604981452	-0.558135020312347	1.24124345772953
NM4327	-1.17780101722769	-0.867118020430279	-1.00111278067313	-1.35845295067038	-1.04902632164945	0.308340329126827	1.23624741181017	0.466788082388355	1.03685942669352	1.01420031055181	0.682971567063401	0.708103963016842
PM1244	-1.09468411369508	-1.12633104191239	-1.09185096193409	-1.11117251004558	-1.06115038769511	1.07682232956045	0.812417102761462	0.665052599805982	1.17454858883107	0.797892121938111	0.827641527269963	0.130814745115226
PM1843	-0.863225548459686	-0.843125105390413	-0.870155874553264	-0.79160631220937	-0.697470505998883	0.0891205763438063	0.630237012913471	0.86375309311943	0.299207613702903	2.50656836974679	0.0595061132510757	-0.382809432465855
PM1111	-1.13244966508961	-1.1087810673242	-1.12971194980566	-1.10051944129637	-1.12291890098547	0.54922600126047	0.58013660420064	0.705167832358804	0.71328544346124	0.982862940758019	1.02394900638148	1.03975319608067
PM0626	-0.98710717122485	-1.0074108306507	-1.04807960152318	-1.05581851260642	-1.05969631104609	1.49669674736718	0.857673044784369	0.161215743119528	1.17801739311851	0.805364177566192	0.78744576586821	-0.128300444772738
PM0034	-0.893638268342089	-0.887178000121015	-0.86736967734242	-0.91686831496954	-0.903604813426004	-0.185268350101772	1.47450700562027	-0.305528789324873	1.70150350444751	0.56741830823968	1.21898193779401	-0.00295454247375343
PM2000	-0.913321605627444	-0.943958926190508	-0.915882605650973	-0.939022056205056	-0.96056739380934	0.368211812175282	0.883211973825578	0.204362674128089	0.636133651825102	2.2859141698176	0.131231818726162	0.163686486985518
PM1180	0.866571829034979	0.886665434304229	0.453058410011918	0.325495956179428	0.104519368058238	1.32648624238758	-1.21212811384194	-1.10810972719399	-0.856827012761771	-0.887040531457862	1.30721510310197	-1.20590695782279
NM4287	-0.991598269668512	-0.976559813234729	-0.334340525145578	-1.61179238447848	-0.975414851656594	0.877794139617183	0.92904417114932	0.546357599821182	0.67068247098458	1.59852804091301	0.596784560136833	-0.329485138438213
PM2540	-0.528390742665986	-1.17584594852756	-1.28189781626471	-1.42515061437684	-0.740074705601253	0.397906636857354	1.32596293737848	0.576506849175004	1.35530460660681	0.803581534877496	0.0766029473878479	0.615494315153355
PM2688	-0.635427469011857	-0.277963642796491	-0.575821112024335	-0.60884142247378	-0.602845725287939	-0.803666404739469	0.680104115669873	-0.505116685929005	1.91357180286608	1.95273919869766	-0.753513102526373	0.216780447555661
PM2739	-0.675138234180925	-0.772791455388781	-0.823432154661105	-0.708190572323918	-0.720024933554917	-0.884066352480881	0.837326059869052	0.459236679429134	1.44869392648858	1.90138698041249	-0.679347876020285	0.616347932411554
PM2871	-0.591180147684455	-0.0270309093064645	-0.226210119460248	-0.0297824679910849	-0.137238539949714	2.56	-0.553846030623978	0.319470224845816	-0.605829686101617	-0.706545334910225	-0.147524671629396	-0.323688614708782
NM3534	-1.29265736033727	0.700976135236917	0.83293757910622	0.401534843325366	0.169033152085852	-1.02446189732767	-1.40586068770916	-0.834239345679713	1.47175511381884	0.935525920060635	-0.748587229112037	0.794043776532025
PM2367	-1.14699378894485	-1.07675613350001	-1.17329263466938	-0.989331252388199	-1.16935125405283	0.954631317169842	0.852373513912444	0.524278925540859	0.342542573656529	0.961643395461484	0.917037522093359	1.00321781572075
PM2644	-0.846365932135964	0.232126764909022	-0.247844931807074	-0.330212556855902	-0.272311989807708	-1.36697225982616	-0.721903592189463	-0.324535210408362	0.709985555671501	2.45269817972596	0.955338014821263	-0.240002042097115
PM2756	-0.403173786663104	-1.01158651198107	-1.00335092516084	-0.957501853063976	-0.514826960008928	0.210046704053415	-0.370268463013545	0.155987604859457	1.01169182713353	2.27116831420965	1.03086888052164	-0.419054830886229
PM2846	-0.576567613948438	-0.576567613948438	-0.576567613948438	-0.576567613948438	-0.576567613948438	-0.131096770878985	-0.576567613948438	-0.576567613948438	1.1075555859317	2.31106541213425	1.32501668440054	-0.576567613948438
PM2260	-0.777011388365848	-0.778550054217463	-0.764397605608809	-0.795501806112141	-0.782990351544776	-0.714765484298958	0.908196603626805	0.395605127026485	1.38647317102674	1.892015362567	-0.67922736883301	0.710153794733967
PM1171	-0.325431948986717	-0.0307004886884322	-0.220590433226692	-0.297520585364547	-0.49580045730549	0.558531553503858	0.0661225205907862	-0.36843245767668	0.0381882833271527	-0.432245623530653	2.56	-1.33566989498556
PM1976	-1.06189161646326	-1.10567293836591	-1.10144895120912	-1.10488306970798	-1.11542768577754	0.617222968978324	0.965737700444022	0.523647786460911	1.22478137176338	1.18948587310297	0.482585060664386	0.485863500109822
NM1446	-0.258848106294466	-0.282654431890296	-0.324606776498512	-0.339578145993977	-0.349726132005022	0.427234277499664	1.18387877417854	0.969189354078973	-2.64731346632671	0.795153786422806	0.369137537298745	0.45813332953025
PM2198	-1.08917336271231	-1.09053758261548	-1.11702058086965	-1.11003309201604	-1.104513827539	0.800103661202968	0.901970964139285	0.406246924496187	1.16259792561849	1.17967324256967	0.526746107830315	0.533939619895565
PM2549	-0.442524407070173	-1.22601772843369	0.285013760611028	-1.70457383936003	0.202213198553255	-0.218194245642153	0.233083880879631	-0.131216170485908	1.00224915407404	2.2423975878636	-0.335652562504835	0.0932213715152714
PM2342	-0.311503054886717	-0.302050384571898	-0.518296951231743	-0.322987838415809	-0.32207773492009	-0.368873839088539	0.386738954170802	-0.0781467919136963	0.875051435328405	2.56	0.0260107204665553	-1.63416157738768
PM2850	-0.703973100231343	-0.803143825730599	-0.886382094894774	-1.18934067916783	-1.04661871690761	2.00571655974566	0.750978462983879	0.730936155134688	-0.0133153939857453	-0.425809591370139	0.866091431178805	0.714860793245004
PM3083	0.099555936461946	1.39297500494938	-0.24060643572072	0.0710552810107795	1.10658706959371	-0.430256720877181	-1.5962176481434	-1.55938638526818	1.09617876768619	-0.487657304397857	0.983841010492836	-0.436068575787506
PM3067	-0.177507300843762	-1.36466735210637	1.04815695550424	1.06989659643598	1.34700579193693	-1.36466735210637	-1.36466735210637	-0.116723042569723	1.13483398184531	-0.0907034922706263	-0.118740924033709	-0.00221650968552397
PM3706	-0.713540610428298	-0.713540610428298	0.0570989699015588	-0.713540610428298	-0.713540610428298	1.76664064044157	2.18966762411494	0.119767819012762	0.0955813197205498	-0.713540610428298	0.0524872893784043	-0.713540610428298
PM2702	-0.715222311803217	-1.31323678434176	-0.923905554069064	-0.913392544992683	-0.917272600283632	-0.0496978112547464	0.270609426963284	0.240348668795398	0.906744253512483	2.03809045166565	0.986083244605503	0.390851561202776
PM1971	-0.458246110623754	-0.567917688895282	-0.950632254260718	-0.875631182613469	-1.09954500671094	0.204636468682995	0.36886477728256	-0.0578084174073816	0.844253637418712	2.48371774218061	0.563706107282024	-0.455398072335358
PM2336	-0.818164485843289	-0.577662478056329	-1.27973665965709	-0.705321498875733	-0.931746818591184	0.0543302317432959	0.75091393077565	0.0787177694512593	1.10251900457592	2.27857785502465	0.101051297832622	-0.0534781483797815
PM2246	-0.924259533180114	-0.727235317935866	-1.17191458472614	-1.13535609430032	-0.972188823772051	0.874222755768011	1.28585735919925	0.0653392921971754	1.32924908670379	1.08954433496217	0.687530942258127	-0.400789417174023
PM2619	-0.601847113619421	0.248811552666095	-1.25564030679524	-1.06020466104726	-1.92173080723951	0.150606745168587	1.1063737556595	0.554238501456193	1.29284809604618	0.123805736848502	0.761741192222158	0.600997308634237
PM2297	-0.739175525980931	-0.90924291317023	-0.902543066685867	-0.870899035438618	-0.894193085012497	-0.357976951360923	1.35355363322069	0.609226297392003	1.71057415381127	0.29419662599675	-0.557990653895553	1.2644705211239
PM1048	-0.857061715511555	-0.745220774760041	-1.06801880606472	-1.2057052230525	-0.887088148054547	0.744106788229353	0.309504793844427	1.54806438779316	0.667976116540277	1.60670437866777	0.295987823526562	-0.409249621158183
PM2056	-1.06266018390592	-1.0873196230564	-1.09269368269355	-0.992453640155384	-0.978763719112412	1.53218524940957	0.850617134084267	0.0445199670056307	1.22438205561223	0.626549210265433	0.740820648984934	0.194816583561598
NM3853	-0.0918329323169553	-0.0803170091156875	-0.0384838215386152	-0.042665345411404	-0.0463197161226873	2.14363381571323	-0.414601223948655	0.0672878937063183	1.4507096199081	-1.77865181963139	-0.225965702599219	-0.942793758643033
NM1340	-0.887029015336762	-0.944584209866422	-1.01426075469137	-1.073614611478	-1.08148749631618	1.43026705659696	0.507694815749495	0.12149265725629	0.681183121247883	0.865573466273884	1.55349605911673	-0.158731088552502
NM0692	-0.953553253948099	-0.941760789345246	-1.4366824393827	-1.03205867438238	-1.04424244235588	0.833160718902529	1.07026903585735	0.183644569139468	1.18697286347987	0.53032686438472	1.06117648659229	0.542747061058077
PM1801	-1.11758728519288	-1.11484103856417	-1.10611848997788	-1.10811536982592	-1.14891938860092	0.33166357758271	0.850143301269636	0.868477170722142	0.823857349211385	0.869406711824286	0.919906114293879	0.932127347257739
PM0996	-1.07165811144974	-1.07584366786385	-1.10396362128592	-1.10723179014136	-1.08555749369295	1.2889914326331	0.922541637293518	0.423343029123665	1.0881330137591	0.57449953697787	0.895536480713789	0.251209553932789
PM1015	-0.990705749041659	-1.03046727645981	-1.01661949014796	-0.994301513791333	-1.0268941117844	0.311961659327669	0.92446758428281	0.287083078070175	1.68521740902917	0.73095443528317	1.20962399641053	-0.0903200211783623
PM1018	-1.06955711911847	-1.07459600161493	-1.07463405186134	-1.04844781117495	-1.06582894966713	1.04946201471603	1.02828820086558	0.333236807611763	1.35593628781661	0.714718812185504	0.8316535323629	0.0197682778784399
PM1454	-0.777689982330456	-0.779469813679295	-0.776366908067951	-0.75690972966976	-0.768628853494409	-0.828467368187792	0.932491929519096	0.497364411841726	1.36900355434094	1.79721825020851	-0.699108297706901	0.790562807226285
PM1594	-0.402445261556496	-0.314913940402147	-0.378042505364975	-0.348896445069815	-0.366091009125596	2.56	0.173592581195597	-0.953890440798275	0.124318517914022	-0.558829629394357	0.0278224931431267	-0.0145055040679535
PM1499	-0.829868443995151	-0.936755616247978	-0.989328349647127	-1.14109097507651	-1.21569050519422	0.318743388353633	1.00890430704557	0.742725885822973	1.86454375639867	0.473716537943172	0.518044731406459	0.186055283190523
PM1836	-0.901649552167614	-0.880949207102005	-0.89443521024829	-0.879581902857614	-0.884826299958041	0.191587116237849	-0.0225211177365491	0.301743442412592	1.18387254885128	2.32792410440718	0.224504826683256	0.234331251477955
PM1849	-1.04572336131984	-1.02899504819462	-1.0468876342724	-1.02768635575161	-1.06937352114374	1.0843029145549	0.838140092714327	0.0135425428027138	1.3632460670499	0.957019681289091	0.948185180949397	0.0142294413218612
PM2255	-1.06936072119583	-0.621625824180791	-1.5708674287469	-1.06447239416507	-1.15472515604745	0.568917769937459	0.875907038257237	0.671863051089706	1.01887964350246	1.04461298239976	0.555074178352418	0.745796860797011
PM1860	-1.12654404958936	-1.09581422561517	-1.12478176953207	-1.12345447496747	-1.14817613487081	0.826538086993297	0.961120224604732	0.52055694587617	1.04984994186579	0.743114295877796	0.740695659187885	0.776895500169214
PM1890	-1.04795733129553	-0.967829854459369	-0.927791904609382	-1.05635293912281	-1.07690486577955	0.0799692413048035	0.988847612661614	0.163795868235771	1.63218771501271	1.32735172391454	0.428011946422772	0.456672787714432
PM1902	-0.872564646901781	-0.888828969064344	-0.861214821614411	-0.898057621794146	-0.888601929839308	1.37615262699181	-0.396913118867476	1.06727995814976	0.0100739669525338	-0.340935392384699	1.04992632841027	1.64368361996178
PM1935	-0.469518856878166	-0.350159428442994	-0.383346539813796	-0.375371506776887	-0.337700089060047	1.27664941874184	0.48554343004838	-1.79905197766655	0.620233868641677	0.921282060151223	1.59041735577595	-1.17897773472063
PM1936	-1.03422848233472	-1.03993438597491	-1.02526154239595	-1.04456872857832	-1.06023287046342	1.04316656955476	1.01395985261614	0.576059541270941	1.09362233638515	-0.287144517409095	1.26897979178691	0.495582435542486
PM1944	-0.849456893622523	-0.963542833516984	-1.15558742445698	-0.874874074474741	-0.933727236306406	1.82354801425969	0.247105640529658	0.311661389165637	0.410794404270286	0.332439188361504	1.61658802280109	0.0350518029897793
PM1956	-0.8732911382935	-0.723932093553757	-0.852274082578831	-1.09735899926485	-0.559491072988511	2.06392751297203	0.15476317664682	0.0803069891946327	0.544065920910537	0.156690407826491	1.61316816057279	-0.506574781443848
PM1977	-1.15247062884696	-1.09778030219879	-1.08091153660927	-1.3033966552165	-0.884560095846111	0.526030276099891	0.612630142766313	0.699727558672409	1.35496148393911	0.913952175818688	0.767328901297747	0.64448868012349
PM1979	-0.953400574285474	-0.957793031881471	-0.991458327133705	-1.01609177534248	-0.940692521051511	0.458996393277361	0.972410537861045	-0.103635738344295	1.61654598419757	1.5525672253597	0.273246539469776	0.089305287873492
PM1990	-1.00773214652379	-1.03554585804582	-1.03906597209404	-0.998397738576938	-1.0148598906614	1.57040955623606	0.453944996536182	0.131122442238848	0.82892407257131	0.846307183585956	1.30807603757686	-0.0431826828432153
NM3793	-1.09479435077381	-1.09479435077381	-1.09479435077381	-1.09479435077381	-1.09479435077381	0.704066768885351	1.0696201822347	0.161583883536868	1.10947468008518	1.10532090707964	0.740019654464059	0.583885677583262
PM2201	-0.514333097805364	-1.11810524586725	-0.971678823179936	-0.92438406923005	-1.17546604568553	0.854651236186882	0.353614501758226	0.0936825532439765	1.04061378903019	1.99697165063574	0.571773540391963	-0.207339989478842
PM2296	-0.139227324080303	-0.648496669294042	0.128660716039879	0.362350891438754	0.368053101079389	-0.496217320066107	-0.405615598057617	-0.782749599409664	-0.530949676800512	-0.860483304622065	0.139082819895321	2.56
PM2318	-1.916090609539	-0.646046779317174	-1.28353713534344	-0.603566354247337	-0.645560578930408	0.453054975469144	1.02973669101122	0.252240839033206	1.22060551119965	1.01533826669587	0.537530964624461	0.586294209343799
NM2328	-0.845466275237458	-0.900378459351496	-0.874101605677193	-0.925519426465586	-0.962174501343465	0.0925724770099993	-0.361925329376758	0.411163107411459	1.28540101442435	2.09141126123048	0.266324482525473	0.722693254850189
NM3057	-0.774725054012412	-0.766161041488236	-0.785832880668242	-0.713239342686857	-0.755390818272969	0.327396657337527	1.34240762723817	1.19300645788217	1.92153462369352	0.34485287132353	-0.46366038344362	-0.870188716902584
NM3471	-1.01930950208444	-1.04213633923063	-1.07170443641798	-1.04809852252651	-1.06375856297305	1.47425489132368	0.664540872811253	0.594391105354896	0.627110876557098	0.995216340090768	1.0565681790005	-0.167074901905581
NM3850	-1.15877976495494	-0.909390298583938	-0.975739377079277	0.451619795521912	-1.01899634808694	0.956971596989682	1.16594071621067	0.689920943359774	-0.676166287651783	1.49690526005395	0.759077489641729	-0.781363725420841
NM4303	-1.36716031709169	-1.36716031709169	0.0720871411520589	0.0812221490591649	0.325969525359959	0.0739065160163791	0.122662249796651	1.57690609515708	0.0986832823773671	0.0919632928110614	1.65808069954534	-1.36716031709169
NM4280	-0.365643457970136	-0.607652208841892	-0.410298413916713	-1.07545363290755	-0.797193767752216	0.79664788103278	0.438853643996443	-0.30944793932302	0.212723792258364	2.56	0.0124575825796094	-0.583447414641772
PM2493	-1.17919900148524	-1.33504219805728	-1.2292971826563	-0.152136242315955	-1.21134901938898	1.39808509128447	0.705627203266863	0.0664078705735904	0.801515255844148	0.659332149550035	1.05582558672218	0.42023048666246
PM2632	-1.54319069999472	-0.810240654524823	-0.80302424585884	-1.08318317911529	-1.16859725770753	0.852034378885214	0.721665149380449	0.71576137843156	0.837326529109514	1.28592350570955	0.788444201103337	0.207080894581577
PM0716	-0.981181395863055	-0.960838351334874	-0.997958525711737	-0.961246442178069	-0.990765802272608	1.50296013148947	1.18943328869703	0.168951558234	1.40725643501166	-0.305850064362013	0.513080540549217	0.416158627740973
PM0901	1.11129213939414	1.12168582143835	1.11228651901757	1.09184516559831	1.12051752565884	-0.944283285441695	-0.473827208079736	-1.07069263218846	-1.0086081947777	-0.396063328668861	-0.815347698315804	-0.848804823634972
PM1019	-1.06350205718132	-1.08203463850135	-1.08119666146808	-1.07323557597936	-1.05595344537165	1.34561161762673	0.815452059339071	0.524207788562894	0.300913872612897	1.05721575946368	1.12651006627987	0.186011214616613
PM1121	-1.0600658323144	-1.08591888229612	-1.08152855028296	-1.03837968973853	-1.07632709360432	1.08781140292618	1.17000227650168	0.154322503927954	1.25917828982436	0.64803385805168	0.816360999006274	0.206510717998197
NM2977	-0.947137728634716	-0.963261669744529	-0.888226473039988	-0.901265996727807	-1.05441783778305	-0.290780343491578	1.24001607051132	0.236825942760697	1.68151110054522	1.30158936917341	0.0793361894477438	0.505811376983271
PM1810	-0.665565683619559	-1.01524538223767	-0.981015273301712	-0.772274013707251	-0.828956222333691	1.01852304577988	-0.286809717861479	0.987058071653863	1.05406179343211	-0.0434634846010549	1.97045610157022	-0.436769234773684
PM1811	-0.827438347560277	-0.994169709291828	-1.21314975324957	-1.19312386355284	-1.29375034676145	0.217970080938145	0.852157296445333	0.910107049975688	0.771385032364873	0.890254294985274	0.911643254506414	0.968115011200235
PM2002	-0.820463729632407	-0.893232860222947	-0.932182687703144	-0.878978689152174	-0.958912508550034	0.080062561368497	0.76129569271095	0.278950105973217	1.52133175977046	1.98713627754534	-0.195840815832884	0.0508348937251273
PM2134	-1.10878629416464	-1.04555429346282	-1.02739917796457	-1.0865700954763	-1.04641845467662	1.22716353973365	0.0559064784223743	0.677738218999759	0.728063428425967	0.683294458316388	1.46832604333404	0.474236148512765
NM3981	-0.82115894958459	-1.29009605087481	-1.29009605087481	-1.29009605087481	-0.880190730634729	0.756036449488043	0.953215254854179	0.715118452290408	1.00901200768787	0.837503893955006	0.670604163986652	0.630147610581604
NM3982	-0.276164837822117	-1.75267589167691	-1.01446460183369	-1.60633178322031	-0.164092046650893	0.487040627245532	1.18105758552346	0.484770460467919	1.17905586812403	0.84401099314091	0.464615945708503	0.173177680993561
PM2262	-0.658719874443227	-0.630314751675688	-0.674634990878756	-0.631881295654865	-0.630712801257255	-0.791250138500956	0.717050210477932	0.0126313320540402	1.47398676875153	2.25266479634633	-0.684582861655437	0.245763606436348
PM2325	0.201900121176514	0.0289628445045358	0.401939869013502	-0.268445105137805	-0.126145234641305	-0.288464336648233	-1.06919195057589	-0.379687999864824	-0.514803796110693	2.56	0.0170206713884438	-0.88292144004239
PM1926	-0.84391434297442	-1.00436879750997	-1.05932167607178	-1.06418447728969	-1.10825579647532	1.78654774178161	0.582224912174162	0.348473925844296	0.731475072779598	0.241877804195559	1.23562806597312	0.153817567572839
PM2291	1.08070287581157	1.0806904850402	1.06860696010535	1.07171462797812	1.08637007522038	-0.927549787869553	-0.927549787869553	-0.927549787869553	-0.927549787869553	-0.927549787869553	-0.927549787869553	0.177213703061694
PM2293	-0.902039119387555	-0.799629882629597	-0.839255976162149	-0.822064877512295	-0.879681198494022	-0.0578072209500728	1.88539102780654	0.177929563661936	1.86562298483081	0.457592868578663	-0.277116589031602	0.191058419289341
PM2654	-0.245913833590777	-0.166538005716232	-0.284457104671666	-0.2623859735051	-0.314427298584732	-0.851672509983372	0.0680274716326295	-0.757113847612145	1.14458820975927	2.56	-0.746100303891091	-0.304403834140484
PM2151	-0.51809434072119	-0.847698671946178	-1.25487757030032	-1.11186724534218	-0.765699395843634	1.48742930057232	0.197832612842257	-0.597537704952298	1.02015851174899	0.353960008888734	1.63772361529376	0.398670879759734
PM0964	-0.386999233099743	-0.439540204091172	-0.439642274265395	-0.451966622969272	-0.467681372809752	-0.711744843362259	-0.556903919498657	1.69061233538121	-0.460661780657314	1.81799445816443	-0.972724419397693	1.3792578766056
PM1704	-0.702400776443284	-0.836319922623204	-0.779818542762963	-0.842544293503697	-0.786544185666166	1.72995982371515	0.0260754025080718	-0.161318590581545	0.635832069385678	0.0856100912627189	2.06245636274672	-0.430987438037477
PM2187	-0.905581631506603	-0.815178426631573	-0.809254878398032	-0.849030855847288	-0.913864995878428	-0.109750028120002	0.435599170728357	0.399668493356516	0.96557385865139	2.44920636037766	0.0622828859649262	0.0903300473030869
NM4272	-1.26110258740025	-1.78853429552153	-0.834392385913104	-0.78144235241533	-0.750040984528313	0.842533247940508	0.692460468617173	0.691153019181761	0.761856169102602	1.0970252310157	0.716725935602701	0.613758534318076
NM4350	-0.87030902904354	-0.111867503729914	-0.834429269520275	-1.45401655709565	-1.45401655709565	1.28984736402041	0.920398386259688	-0.0959907382811834	0.767347390412217	-0.0790970520031386	1.37520241013561	0.546931155941417
PM2004	-1.10919883395786	-1.14785790640371	-1.09432472712586	-1.08659446202477	-1.12806231785477	0.997052568425087	0.846315682197503	0.41913031374061	0.997153465762488	0.897934357125953	0.952054201279728	0.456397658835606
PM1795	-1.03749761682326	-1.0648061865777	-1.10301644836433	-1.13064128954519	-1.08617222608514	1.05356611417643	1.12148118673134	0.211183538561938	1.2008028513064	0.697932341611329	0.820664210221783	0.31650352478639
PM2126	-1.04460805346426	-1.04469774472093	-0.974942093048797	-0.991311256424643	-1.00699328808288	-0.0566154799700324	0.90035519193013	0.399623088429628	1.52167125567828	1.49645274429951	0.298296906005635	0.502768729368349
PM0834	-0.443221539045045	-0.405595249759286	-0.453380300702333	-0.502319476871903	-0.510909912099751	-0.112010098777374	1.79636133189715	0.313371158896166	2.19247260641149	-0.0980300837667968	-1.19458166544135	-0.582156770740966
NM1550	-0.381383277027817	-0.38674229226038	-0.42521805429227	-0.370922816228172	-0.408762206624444	2.25995145403446	-0.412425815957026	0.0549947828056904	1.43578396608713	-0.701080979264337	0.708438297011177	-1.372633058284
PM1996	-0.963332736501852	-1.08578016799446	-0.994306965525656	-0.881693878913163	-1.04557839530671	0.915269988815241	0.448818461077327	0.192087588810079	0.892686166923877	1.9815380158799	0.0598927093711784	0.480399213364235
PM0711	-0.676551737397424	-0.834572751331473	-0.776850283169715	-0.789316163353526	-0.779605651267076	0.30812544640538	0.131533119159694	-0.524825851794233	2.03607331140271	1.5293583252782	0.919179636648296	-0.542547400580835
PM1307	0.160172224475946	0.223761972276212	1.1502498892124	-0.445495610202185	-0.410020620651429	-0.470633572960453	0.618202614885378	-1.22692972002744	1.56982967344228	1.28472258960415	-1.22692972002744	-1.22692972002744
NM0104	0.862535344434264	0.14515250321935	0.976696147260766	1.44044625905075	1.39911315408437	0.220945032991312	0.0391039358177673	-1.00275403269297	-1.10374079572505	-1.00014194549862	-0.89052383524155	-1.08683176770039
PM1768	-1.05105527288117	-1.10954770029583	-1.06801742255052	-1.07991680605221	-1.09052295786153	0.974705983968066	0.888367706394822	0.372882282510265	1.29951615385606	1.06540143750685	0.670571987799264	0.12761460760593
PM1927	-0.990932501020196	-0.889570474463278	-1.23429897052735	-1.05892521324888	-0.92585463857069	1.62169037201929	0.424692152786526	0.378752753828575	0.616346702014646	0.423684718155054	1.4790038514093	0.155411247617009
PM1024	-0.770160889289449	-0.773292552127591	-0.780836497811931	-0.757845085922462	-0.778624358918454	-0.0842116833290373	0.117436017281811	1.43121371545573	-0.688094306492463	1.68558206470778	-0.210609652793556	1.60944322923962
NM2174	0.681284400413735	1.02198155375477	1.00009134643496	1.11473722059401	1.18277518235319	-0.515924044043518	-0.585872917528582	-0.541542557385179	-0.664406812106627	-0.392790517785833	-0.226736163297962	-2.07359669140297
PM2111	-1.01253145264371	-0.701767966398054	-1.75155307352763	-1.07728283883366	-0.922634785867235	0.866556456989033	0.739942768879917	0.775607889724626	1.00400306190528	0.770300345107215	0.802955401184592	0.506404193479628
PM0320	-1.13112326557265	-1.0213769119401	-0.943972787177525	-1.28188120855695	-1.14334627149058	0.651361962068825	0.646445805572345	1.16009819713444	1.13885489863704	0.915456263534642	0.544949010906847	0.464534306883664
NM1145	0.797129279925518	0.741202191102565	0.870868775890938	1.56108295433693	1.52070268681905	-0.784426555439286	-0.784426555439286	-0.784426555439286	-0.784426555439286	-0.784426555439286	-0.784426555439286	-0.784426555439286
PM0466	0.46796737848247	0.318664617829217	0.756916650411153	-0.116891261929007	0.352656498639733	-0.932953578891544	-0.258397541802932	1.27782910152365	0.0291411645062125	1.40043774645605	-1.58990061343319	-1.70547016179181
PM0682	-0.883363121712955	-0.857585594805334	-0.880745067591095	-0.96963245196169	-1.14192198077807	0.728329989871606	1.03034467599103	-0.0386561735131841	2.00279292461865	0.654963443705282	0.606353917827598	-0.250880561651832
NM2680	0.105860866095401	-1.04914413530595	-0.084722235774428	0.217775090037866	-0.738002315948118	0.889611578011844	0.248787473379314	-0.595828363582898	-2.00145370571081	1.6393534104386	0.208570774841201	1.15919156351792
PM3167	-1.06821262873683	-1.36610840150923	-1.02939993358357	-0.762889570831788	-1.36610840150923	0.81948338915897	0.763784914430997	0.821492847906	0.770857612506935	0.711959806733527	0.844767873695073	0.86037249173914
PM2383	-1.06893865780342	-1.0668752895647	-1.06864326240532	-1.12946481181331	-1.10143050025104	0.146088639300926	0.650425413922734	1.02899617609478	0.445673181776825	0.92058545278997	1.01656655613007	1.22701710182248
PM2128	-1.06969630509247	-1.04557144618399	-0.985047595773799	-0.996377831561964	-0.976198507584199	0.553048840543045	0.753551422364499	0.584672963807156	0.33616728323634	2.02906670499779	0.592001799496247	0.224382671751346
PM2384	-1.13890901444866	-0.742419944449993	-0.851690818059526	-0.750342649334648	-0.869138747232688	-0.561643544231737	0.281406720409421	0.305198689002062	0.93762253862202	2.25631485304725	0.505537048185295	0.628064868491215
PM2807	-0.621838229821622	-1.04627116686047	-1.04627116686047	-1.04627116686047	-1.04627116686047	0.0784429299794778	-0.0508226071393334	0.220343495905559	1.08920080651112	1.89846014156016	1.06160023599492	0.509697894451599
PM3023	-1.12938221688955	-1.23504655860669	-1.0545644460758	-1.1602448977904	-0.944577602145363	0.166013297609882	0.898712757447649	0.863797971909806	0.815004501062552	0.802091751067419	0.950043423941319	1.02815201846917
PM1040	-0.950329110123678	-0.922655775118246	-0.901215220594499	-0.951958681274992	-0.940423403910583	1.6948999795565	0.689055885770789	-0.339338982945549	0.915821566645746	0.147274363443886	1.52263044756128	0.0362389309893532
PM2594	-0.707136265446939	-0.663478918044085	-0.761830302385505	-0.709204348514	-0.716326866963587	-0.77080521330875	1.17205435786046	0.0951294060610047	2.16964214725132	0.790304001631321	-0.707223438117009	0.808875439975762
NM4337	-2.17757056469024	-1.18135963856064	0.0197360383614497	-0.880735683438462	0.325047114808217	-0.0121482635421907	1.1848120451266	0.0713064293712001	1.25945037465011	0.937014830452052	0.273862525119215	0.180584792342689
NM4281	-0.74559020598785	-0.755017374607568	-0.772549416639937	-0.93468625912224	-0.814238240688997	0.480031687263487	1.80644987249096	0.483264032675402	1.93596523253565	-0.462586692748477	0.00561578023259558	-0.226658415403026
PM2233	-1.10353412751509	-1.02688897147594	-1.05552314007892	-1.03012471212474	-1.02367822971335	0.257560123900619	0.984241082157594	0.375333179283273	1.38737440647761	1.41693414896014	0.234163217994706	0.584143022134092
PM2226	-1.15717404498138	-1.01780088205676	-1.14617961602787	-1.10854446819151	-1.07689518727702	0.719844133902467	0.817450741257229	0.370416926465357	0.382458634991693	1.02239136985872	1.07871292694475	1.11531946511433
PM2308	-0.873751847292381	-1.07570613608636	-1.16086433222827	-0.95958529610703	-1.08078685361531	0.442515879700854	0.673356694095508	0.251221758826025	1.84946535829899	1.04709052585361	0.544064436617928	0.342979811936432
PM2312	-1.14164510432209	-1.15034953780275	-1.02102426941028	-1.07103408584221	-1.07448082465595	0.582116517795514	1.060707954604	0.429057637446135	1.09464813923771	1.28982801607188	0.593522992661187	0.408652564216842
PM2286	-0.930392663420912	-0.975624326657104	-1.03752538571759	-1.07027503481588	-0.961491353254073	0.577825141435031	1.09155236989049	0.0420035478941972	1.70831633393414	1.23957545228854	0.112469366184265	0.203566552238883
PM2532	0.674267652475016	0.679367201829123	0.6465158227259	0.710055442561006	0.651812486769411	-0.40419952796222	-1.48073783795405	1.39321023535145	-0.348684591443205	-1.26465269943311	0.35358999038715	-1.61054417530647
NM1254	-0.929361762960232	0.181588822866421	-0.454833754407692	-0.431323065730525	-0.416815833224869	-0.396870026459739	-0.399493089850595	1.69217754929728	1.29752590918448	1.71612877720593	-0.929361762960232	-0.929361762960232
NM4270	-1.36598860343876	-1.36598860343876	-1.36598860343876	-0.0702985666143719	-0.181002371688421	0.881237423878783	0.971137707403564	1.13501961966433	1.04996139006644	0.233659882927156	-0.734336604507276	0.812587329186087
PM2159	-0.736015887244745	-0.723921577093308	-0.852993302397066	-0.83162615843117	-0.83927905192668	-0.426419808663967	1.44815650238684	-0.0980153694658342	1.72714461575062	1.37738648601124	-0.588257077615118	0.543840628689193
PM2158	-1.01130569035927	-0.99276094175436	-0.809250637736382	-0.824290718105127	-0.917908139184197	-0.274592716409713	0.831748420587652	0.38829217759363	1.53225895037822	1.86124853413946	-0.0667897339666077	0.283350494816693
NM3747	-1.00481573773563	-1.15226910220789	-1.04072325339279	-1.03294679644333	-1.07552475144469	0.463211585071975	0.902591234885638	0.299025250897938	1.37501125050473	1.37437875678555	0.618761715508523	0.273299847569975
PM2143	-0.951724887070873	-1.03600486751511	-0.899622733023907	-0.992544370929345	-0.972526099472886	1.74021099110784	0.114840265951852	0.16187318461797	0.638622716004688	1.60680181727525	0.451834688149552	0.138239294904965
PM2295	-0.699062480678068	-1.21617690485272	-1.21617690485272	-1.21617690485272	-0.161682899215976	-0.575760802043311	1.04865250234878	0.408743824599745	1.22952426747045	1.62402265381669	0.366101443124669	0.407992205135192
PM1149	-1.25018956510309	-0.93115693080729	-1.21862309111658	-1.20820429831225	-0.981175857540799	1.01289437474626	0.990625854281662	0.892021562961218	0.838864830376996	0.628088033898059	0.679360628078187	0.547494458537628
PM1900	-0.658983342319847	-0.679917352446247	-0.747991128613333	-0.746606812381887	-0.716779776751114	-0.404866254867838	0.536781898713662	0.101977113815435	1.4819709637652	2.3696368751593	-0.434447187755324	-0.100774996318001
NM2302	1.34169547878419	1.15604233703393	0.525683488021327	0.929892811622577	0.431041340700452	-1.24972479877028	-2.03628794101181	-0.452910229395378	-0.312147178929268	0.361479814053992	-0.624616953872704	-0.0701481682370655
PM2804	-0.282610538533118	-0.464614346432619	-0.527488169866792	-0.473499452759656	-0.489689008945332	-0.0894672327389208	-0.592722866464115	-0.608190238527861	0.151662181555013	2.56	0.408935796455972	-0.0391485608508118
PM2541	-0.598062988745982	-0.38338274705187	-0.11626183256446	-0.287303454815425	-0.0536361695483875	-0.182770060512986	-0.233656368826853	-0.493604888779362	-0.396750238192411	2.56	-0.0428007645186479	-0.340589952414183
PM2839	-0.866581689449224	-0.892710195878249	-0.933481932901724	-0.889858791610984	-0.875202917487046	1.65038645059799	0.815242853951162	1.4380822476878	-0.124909174004306	-0.540319976597053	0.102009621303779	1.11734350438785
PM1838	-0.778109733621656	-0.81340627130524	-0.798690143448634	-0.780552354432984	-0.807067423181515	-0.376882406907282	1.57153544870574	1.09346399969639	-0.473708622481484	1.50595156807478	-0.483221919325379	1.14068785822728
PM2019	-0.933323216521433	-1.14561613315669	-1.12423314862819	-1.10130850620207	-1.0275785068721	1.30494307860188	0.856924282362376	0.194819538377764	1.08166547741744	0.856644897522284	0.946919504793364	0.0901427323053789
NM4256	-0.868540990560181	-0.856901733833731	-0.856187549929254	-0.962190160183816	-0.957748597015483	-0.0517115858511668	1.10791061730151	1.00986488155946	2.08797540313703	0.35369976171962	-0.319688578779386	0.313518532435397
PM1880	-0.732691118699311	-0.798814687248941	-0.799060462446165	-0.832987332445484	-0.757019450826865	0.172958990328482	0.597105655172822	0.0354856738239229	1.84591884131691	1.68905698728203	0.559242363189899	-0.979195459447298
NM1240	-0.788009073477561	-0.82694544983721	-0.827876536058048	-0.837582747218915	-0.876804693894872	0.496191699157616	1.20457690491217	-0.849963959035632	1.67503893763823	-0.431195894714934	1.05427518756173	1.00829562496743
