	2016-01-18	2016-01-19	2016-01-22	2016-01-25	2016-01-29	2016-02-16	2016-02-19	2016-02-22	2016-02-25	2016-02-27	2016-03-03
time	1	2	3	4	5	6	7	8	9	10	11
PM1527	-1.19131298624931	-1.20658247165484	-1.21270667500049	-1.19794481442805	0.282114274105589	0.935365221864955	0.313103936263765	1.25093056586377	1.0691440075788	0.478491026438557	0.479397915217254
PM0594	-1.15010420275277	-1.2029254323594	-1.18247272783668	-1.23234251332099	0.912831079582025	0.977349030243181	0.225122915351742	1.11435340820337	0.734828021925417	0.831633200834384	-0.0282727798702736
PM1062	-1.00395603020578	-0.990012627465796	-1.4385502048323	-1.44938328127321	1.06589386038182	0.702427524464579	0.345592572616461	0.777069697689485	0.52389614091539	0.996625747917973	0.470396599791382
PM1888	-0.962145536420198	-0.883523127601578	-1.02552110278875	-0.906368262133661	1.87976190687554	0.0413627624667329	0.000997857646713526	0.388083314950378	0.0530874193131859	1.63765638689284	-0.223391619201192
PM0799	-1.16032425002216	-1.15684179738835	-1.14426621958092	-1.17462192681293	0.8170028130323	0.740247109657964	0.548958268150639	1.0551515387448	1.14211653073536	0.730376414730424	-0.397798481247135
PM0006	-0.961625704590515	-0.881061746505749	-0.921706233698874	-0.965107292533821	0.123746633583859	1.03926728615896	-0.0358519714910687	-0.063651084164899	2.16502616219519	0.800247592346269	-0.299283641299332
PM1013	-0.882723591716943	-0.925013865619348	-0.887944880322462	-0.910241045896239	-0.773797448919665	0.937680797031279	0.499881260304014	1.24081585440097	1.55113221802586	-0.654057772882364	0.804268475594895
NM0522	-1.19982717487428	-1.21747302251986	-1.25009644395587	-1.26598185773285	0.825675887947612	0.736681157969377	0.741121116819383	0.903974392866716	0.697391248516122	0.905775093568242	0.12275960139541
PM1049	-0.609843713118872	-1.33332150933338	-0.481779693213804	-2.02391411920433	0.987256314363569	0.742225658275877	0.178241156167758	0.844263578223863	0.410971608210889	1.00086900501409	0.285031714614344
PM2363	-0.884265875202622	-0.818099796001375	-0.805270723292814	-0.794357176270615	-0.649681859830479	0.892855116088396	0.406206561696654	2.04198592582565	0.0790403756489489	-0.619586211110314	1.15117366244857
NM4327	-1.00020045285463	-1.13777269675966	-1.50465337877162	-1.18696546619035	0.206641086862221	1.15932206684052	0.369319186501284	0.954610685063463	0.931346600356935	0.591274485559638	0.617077883392197
PM1244	-1.24512670442676	-1.21010435575593	-1.22972977412058	-1.17892095316321	0.992675690451754	0.72411215901063	0.574430052488287	1.0919388919474	0.709358743613894	0.739576018252983	0.0317902317015428
PM1843	-0.913097712720985	-0.939879103061553	-0.862054218481366	-0.768786884653075	0.0105473136345763	0.546671551171465	0.778033272960349	0.218696142811805	2.40569236455848	-0.0187939341499206	-0.45702879206977
PM1111	-1.23665520040418	-1.25801661137905	-1.22822364052812	-1.25108383595742	0.455455508384155	0.487001913246479	0.614604915735478	0.622889498435077	0.898011950363842	0.939943117570979	0.956072384532758
PM0626	-1.1006180969069	-1.14141550206571	-1.14917889112758	-1.15306895494493	1.41140990959396	0.770364991317516	0.0717048129481314	1.09172258066541	0.717890672484774	0.699915585307021	-0.21872710727169
PM0034	-0.962240286394078	-0.942558321292766	-0.991741206145201	-0.97856231273666	-0.264808131720107	1.38437948464084	-0.384301427256229	1.60992796837545	0.483077123749794	1.13048441620518	-0.0836573074262126
PM2000	-1.02239710905875	-0.994446301069947	-1.01748230888632	-1.03893133008492	0.283907693415206	0.796605595272478	0.120791027531592	0.55063181367573	2.19303714300475	0.0479870967416533	0.0802966794585315
PM1180	0.956834349693206	0.527094460118425	0.400669675111005	0.181663872027441	1.39273260527823	-1.12324105750907	-1.02015036135444	-0.771108717879222	-0.801052776579182	1.37363333611373	-1.11707538502012
NM4287	-1.0706014305413	-0.426036328343752	-1.7081542957335	-1.06945228679817	0.790525862422371	0.841963093325896	0.457878694846247	0.582657683539605	1.51389236567428	0.508489848127052	-0.421163206518724
PM2540	-1.18342408395333	-1.2859702352306	-1.42448757980493	-0.762057966100869	0.338305557752407	1.23568345234017	0.511001850436961	1.26405518511223	0.730570214183273	0.0276230827586794	0.548700522506014
PM2688	-0.326713932057333	-0.616572597630822	-0.648706165234517	-0.64287147930243	-0.838299226393287	0.605625427160201	-0.547766901230928	1.80596899673917	1.84408457302189	-0.789492764392257	0.154744069320324
PM2739	-0.813957659502598	-0.863371448967401	-0.750921909979446	-0.76246955135727	-0.92253661707303	0.757150343660859	0.3882212152642	1.35370614720983	1.79543147052107	-0.722778007086622	0.541526017310397
PM2871	-0.0783859503676779	-0.271675172322327	-0.0810561418846651	-0.185334598090762	2.56	-0.589622463630214	0.257868694758123	-0.640068894830907	-0.73780625096282	-0.195316555483573	-0.366271101733593
NM3534	0.609058458439612	0.746809086635299	0.29648059585274	0.0537789923713235	-1.19207500849869	-1.5902058672377	-0.993507341927502	1.4136517198232	0.85389800592615	-0.904097643779814	0.706209002395385
PM2367	-1.20759755847993	-1.30630581424162	-1.1182059043368	-1.30227576549073	0.86948944594764	0.764931177569437	0.429455537260192	0.243630713637036	0.876659272998012	0.831049913806823	0.919168981329944
PM2644	0.153515979192129	-0.321295415975668	-0.402777485092809	-0.34549942222107	-1.42839071268325	-0.790257347413636	-0.397161177285388	0.626237184812169	2.35021344854856	0.868951795348165	-0.313536847229196
PM2756	-1.00761099132939	-0.999694599764435	-0.955622548126698	-0.530104869072341	0.166674107956925	-0.391149176996503	0.11471023383244	0.937249032240863	2.14791067131766	0.955682820505866	-0.438044680564389
PM2846	-0.609848702150979	-0.609848702150979	-0.609848702150979	-0.609848702150979	-0.177929429933101	-0.609848702150979	-0.609848702150979	1.02304215509433	2.18994027273259	1.23388791716303	-0.609848702150979
PM2260	-0.835054053165183	-0.821137149978621	-0.851723669602907	-0.839420448672599	-0.772331077876685	0.823619338739733	0.319559147364686	1.29393573902937	1.79106396969372	-0.73738443888518	0.628872643353668
PM1171	-0.0577839491189753	-0.239795269183983	-0.313533552574715	-0.503586697948194	0.507000574278524	0.0350218272712865	-0.381503257443485	0.00824659485060075	-0.442668784574748	2.56	-1.3086095516128
PM1976	-1.21628481906645	-1.21201137458125	-1.21548570208646	-1.22615378172741	0.526783931030816	0.879379311156136	0.432113106324886	1.14145604281618	1.10574728033563	0.390569590071449	0.393886415726479
NM1446	-0.292911771607425	-0.333045325901838	-0.347367630796098	-0.357075663835888	0.386200619543957	1.11004176054858	0.904659926029738	-2.55505403403872	0.738169448109709	0.330622589306159	0.41576008264182
PM2198	-1.20744400249902	-1.23432530009031	-1.22723272071214	-1.22163044753037	0.711632131769472	0.815031499876221	0.3118518634578	1.07957824207651	1.09691036859877	0.434163331956355	0.441465033096712
PM2549	-1.21921656827252	0.235692550221632	-1.67999826246342	0.155967346857105	-0.248825424489712	0.185691437676135	-0.165077868220125	0.926288558062462	2.12037569502038	-0.361921132610612	0.0510236682186469
PM2342	-0.316520991080011	-0.523703292976022	-0.336580823475161	-0.335708868187643	-0.380543450910223	0.343396819067783	-0.102002617696158	0.811241027895959	2.4354281617373	-0.00221100709154919	-1.59279495728427
PM2850	-0.847885410323836	-0.929275268550568	-1.22550627467495	-1.08595363391437	1.89860068132822	0.67172562935304	0.652128386272879	-0.0755961168455549	-0.478930359395073	0.784282368645208	0.636409998105002
PM3083	1.33743638226311	-0.220888471740945	0.0764154686276735	1.06424189900025	-0.401801859693637	-1.51404875875931	-1.47891425556658	1.0543130915673	-0.456558086538325	0.947150562219715	-0.407345971379252
PM3067	-1.31860715156853	0.985533416661442	1.0062938128708	1.27092084649665	-1.31860715156853	-1.31860715156853	-0.12687549442908	1.06830614573917	-0.102027973943587	-0.12880248203791	-0.0175268166519071
PM3706	-0.761661290272247	-0.00760123005806494	-0.761661290272247	-0.761661290272247	1.66516140493959	2.07908739696355	0.0537193630447712	0.0300532114764212	-0.761661290272247	-0.012113695005025	-0.761661290272247
PM2702	-1.34877446472494	-0.967771485015712	-0.957483361504515	-0.961280417872823	-0.11226406871149	0.201191422896586	0.171577977753359	0.823718581178495	1.93086396038981	0.901360418419222	0.318861437192011
PM1971	-0.58735646355139	-0.956120516739667	-0.883853345126549	-1.09960517902978	0.157036951901695	0.315278895658404	-0.0958414297737241	0.773339128450878	2.35304234082119	0.503017970889549	-0.478938353500605
PM2336	-0.643420585670027	-1.33621280919932	-0.769391856519779	-0.992823660195194	-0.0197833032419896	0.667591026101049	0.00428181255044987	1.01454761169558	2.1750580639472	0.0263200745917924	-0.126166374059755
PM2246	-0.808511218329757	-1.25168437858965	-1.21524970995019	-1.05263507884103	0.787522796635453	1.19776321416539	-0.0186210189288648	1.2410079760499	1.00211509236448	0.601463299000167	-0.483170973575901
PM2619	0.188481693596615	-1.27243688020987	-1.08265642092729	-1.91925317932595	0.0931185708699311	1.02122921068635	0.485070713459475	1.20230767171916	0.0670930848397077	0.686569042002444	0.530476493289412
PM2297	-0.957297157545157	-0.95072866437134	-0.919705027676865	-0.942542387603499	-0.416838996965875	1.26113631005687	0.531401824962715	1.6111572930578	0.222548442883104	-0.612931346668959	1.1737997098712
PM1048	-0.815078810509235	-1.13471736698927	-1.2710561401689	-0.955557617731788	0.659671547898397	0.229323340485005	1.45576019056169	0.584286026170777	1.5138262263408	0.215938671244852	-0.482396067302331
PM2056	-1.19789650732131	-1.20333398584116	-1.10191101793024	-1.08805954313547	1.45252094956933	0.762909699021174	-0.052700161465185	1.14108539291041	0.536197566105913	0.651817513672973	0.0993700944135661
NM3853	-0.0845745714460694	-0.0446715019645955	-0.0486600968410181	-0.0521458605814633	2.0367666274055	-0.403435433446232	0.0562200711391105	1.37581287436756	-1.70455085993612	-0.223503261143733	-0.907257987552939
NM1340	-1.01803828933076	-1.08722653021427	-1.14616442604472	-1.15398213649521	1.34016965423739	0.424062941532861	0.0405673471590212	0.596335414306172	0.779433523437501	1.46253504895655	-0.237692547544538
NM0692	-1.02803242101071	-1.52275434646711	-1.11829386652806	-1.13047271776786	0.746172821430923	0.983185453827862	0.0969187825310467	1.09984218586853	0.443461174872128	0.974096573841759	0.455876359401488
PM1801	-1.23910900236759	-1.23022390362098	-1.23225799657666	-1.27382242381806	0.234352133990321	0.762494052318428	0.781169584920105	0.735718245067172	0.782116448603337	0.833556939091676	0.846005922392255
PM0996	-1.18838786409853	-1.21687021944537	-1.22018050752718	-1.19822687893931	1.20692455545087	0.835752059857502	0.330119922665464	1.00347753066725	0.483224492401768	0.808398868536168	0.155768040431367
PM1015	-1.1245150556856	-1.11061803887486	-1.08822071950374	-1.12092918799213	0.222686371873154	0.837369826981867	0.197719344351455	1.60082420627247	0.643168716119507	1.12354000348409	-0.181025467026195
PM1018	-1.18663196285127	-1.18667049377952	-1.16015344707795	-1.17775415833098	0.964258892023061	0.942817593233867	0.238985742162452	1.2746047988665	0.62528693950646	0.743698874732838	-0.0784427784854745
PM1454	-0.836065693681369	-0.833014261285669	-0.813879852467015	-0.825404571091074	-0.884250441741604	0.847496804738225	0.419587493269963	1.27676726279256	1.69787842727916	-0.757037271962957	0.707922104149781
PM1594	-0.337866430965331	-0.398546461195425	-0.370530873943603	-0.387058521408937	2.56	0.131692642896142	-0.952059283015551	0.0843297470146004	-0.572321489311054	-0.00842353675843788	-0.049109780012345
PM1499	-0.999840994597285	-1.05177190491033	-1.20168176845518	-1.2753705660021	0.240330516194701	0.922065751417256	0.659136913100415	1.76725930769106	0.393411708895158	0.437198730992789	0.109262305673517
PM1836	-0.957516789207199	-0.97092715558589	-0.956157153541277	-0.961372137238759	0.109004172891485	-0.103903226813679	0.218542683072008	1.09572433447248	2.23335943285538	0.14173726309117	0.151508576004283
PM1849	-1.13506467376397	-1.15313241727832	-1.13374317002511	-1.17583842718198	0.99892117905742	0.750348574267266	-0.0823212795819838	1.28059501382101	0.870391921054821	0.861470936378753	-0.0816276567479006
PM2255	-0.727904313031848	-1.68911492979696	-1.1763347469902	-1.26772550830578	0.477650876377741	0.788510980404475	0.58189419727036	0.93328633096561	0.959344142205571	0.463632730584622	0.656760240316415
PM1860	-1.22194793740989	-1.25148893511523	-1.25013536486435	-1.27534642523493	0.738460077108721	0.875706459810808	0.426421603514032	0.966192708197046	0.653384793232978	0.650918276185082	0.68783474457573
PM1890	-1.07378515794513	-1.03334473957956	-1.16319809222907	-1.18395661046817	-0.0154534013358911	0.902561175304567	0.0692158655962178	1.55236824554435	1.24446798943527	0.336087890283467	0.36503683539396
PM1902	-0.960054771880617	-0.932671606959932	-0.969206230210231	-0.959829631758007	1.2859810581074	-0.472253622941925	0.979691999365722	-0.0686708394500775	-0.416744130246485	0.96248352657146	1.55127424940269
PM1935	-0.378723890786916	-0.410718232530922	-0.403029828151531	-0.36671234938855	1.18961622858837	0.426943181356633	-1.77554215713917	0.55679274475658	0.84702103889626	1.49210711107636	-1.17775384667711
PM1936	-1.14353624704192	-1.12873942868917	-1.14820974644359	-1.1640062388466	0.957165384754316	0.92771189246461	0.486111644447326	1.00804746583289	-0.384385855843634	1.18488656320465	0.404954566161113
PM1944	-1.02986483114371	-1.21989787852668	-0.942124820316077	-1.00036153313497	1.72803303280424	0.168102878889335	0.231982447583966	0.330077108122903	0.252542612698618	1.52324081412874	-0.041729831106366
PM1956	-0.796656890889498	-0.923934003764841	-1.16698540761207	-0.633580266514211	1.96807135211028	0.0747476894657158	0.000909278150707594	0.460820320104573	0.0766589300679163	1.5210520296676	-0.581103030786169
PM1977	-1.23048783875378	-1.21322718039463	-1.44088104172154	-1.01231413080884	0.431046876589471	0.519658619075539	0.608779469794648	1.27923569667913	0.827980922862277	0.677951317223734	0.552257289453995
PM1979	-1.04402775262753	-1.07767892833993	-1.10230204505003	-1.02693441391182	0.372167457789374	0.885366271676761	-0.190228700651685	1.52923156157986	1.46527963603211	0.186495509208552	0.00263140429434167
PM1990	-1.13328536338251	-1.13682461358838	-1.09593529810705	-1.11248694227424	1.48683662986901	0.364302709478956	0.0397252167879837	0.741320258875331	0.758797868519377	1.2230770052649	-0.135527471443378
NM3793	-1.21312069184457	-1.21312069184457	-1.21312069184457	-1.21312069184457	0.614055959275551	0.985363479522447	0.0630339537919749	1.02584531945921	1.02162616270118	0.650574772402301	0.49198312022563
PM2201	-1.12551530230946	-0.984034967143083	-0.938337766339851	-1.18093853149694	0.780604120403441	0.296491732648072	0.0453399355794747	0.960285108450587	1.88433848840572	0.50728165252057	-0.245514470718527
PM2296	-0.630992120396384	0.110711642853101	0.333740962008711	0.339183039030831	-0.485659696721336	-0.399191190549054	-0.759120483290654	-0.518807576652198	-0.833308006661601	0.120658294324781	2.56
PM2318	-0.980732569239638	-1.74296065783441	-0.929939999755903	-0.980151234027309	0.333430416603901	1.02295143854558	0.093322979791054	1.25116755916493	1.00573567466629	0.43443582184231	0.492740570243192
NM2328	-0.966653942910012	-0.940661710266567	-0.991522592490753	-1.02778063333529	0.0155417210508628	-0.434033135435584	0.33068149714646	1.1954499868009	1.99272983269331	0.187411709962051	0.638837266784625
NM3057	-0.822512946319509	-0.841853759569192	-0.770481782176315	-0.811923957971353	0.252643018367229	1.25057399144982	1.10368685551108	1.81995578558712	0.269805489636967	-0.525102588212605	-0.92479010630323
NM3471	-1.14244918574134	-1.1722165663972	-1.14845155304228	-1.16421713924503	1.39090205307379	0.575730712871423	0.505108149046557	0.538048445413186	0.908634871217976	0.970400210096273	-0.261489997293353
NM3850	-1.03917381835356	-1.10712091691953	0.354616255460143	-1.15141973371364	0.872139474222451	1.08614162260119	0.598656895476875	-0.800332598277368	1.42507746002869	0.669479079797523	-0.908063720322775
NM4303	-1.57554542705862	-0.0551435551503757	-0.0454934542991929	0.213054418716636	-0.053221591742644	-0.00171668306193593	1.53452717273411	-0.0270477453069191	-0.0341466529042842	1.62027894513184	-1.57554542705862
NM4280	-0.615158855609504	-0.425729379931338	-1.06417671470795	-0.797089778889785	0.732754569721958	0.38932679450153	-0.328928340298832	0.172276702983575	2.54859920101337	-0.0199482456670585	-0.591925953115965
PM2493	-1.48102868760337	-1.37243984486397	-0.266310543997149	-1.35400899712041	1.32560128245886	0.614520950015113	-0.0418890692241296	0.712987744146434	0.566980871756049	0.974137306818515	0.321448987614054
PM2632	-1.03698639061593	-1.02911361235346	-1.33475444588546	-1.42793737556346	0.77648113249826	0.634254149015681	0.627813399642365	0.760435527909975	1.24983471377304	0.707107099995393	0.0728658015835987
PM0716	-1.05268415568264	-1.08989792250565	-1.05309327546013	-1.08268706379123	1.41732639189326	1.10300904246549	0.0799543342887365	1.32138139420366	-0.396044422912346	0.424950981527011	0.327784695973834
PM0901	1.24451048686687	1.23494361682664	1.21413784179631	1.24332136310101	-0.858290026177522	-0.379446815237378	-0.986952956473765	-0.923761698480288	-0.300296587396626	-0.727055818533706	-0.761109406291552
PM1019	-1.19274581554105	-1.19189786484374	-1.18384202593234	-1.16635420214012	1.26379446416715	0.727324907979383	0.432614226557033	0.206662650061776	0.971966097373525	1.04208515010566	0.0903924122127095
PM1121	-1.19587290641165	-1.19143212982496	-1.14778749222716	-1.18617090881342	1.0028333708074	1.08596861113097	0.058618756926819	1.1761692499144	0.558002816129519	0.728264022848343	0.111406609519745
NM2977	-1.04824521196452	-0.973290093195268	-0.986315701038524	-1.13930409768691	-0.376481561129171	1.15268117932354	0.150561661069076	1.59370504366454	1.21418876665492	-0.00676001839548152	0.419260032697791
PM1810	-1.04898938284341	-1.01561083237135	-0.812062526930266	-0.867334625685369	0.934184034749237	-0.338675353912669	0.903501829532397	0.968838668318862	-0.1013829589551	1.86243540573318	-0.484904257635603
PM1811	-1.05610959021612	-1.27236991305885	-1.25259274390336	-1.35196945125951	0.140975484879769	0.767286127117031	0.824516147627712	0.687517050487613	0.804909962854213	0.826033272575552	0.881803652895955
PM2002	-0.955216309930106	-0.993658884306392	-0.941147774406063	-1.02004059617646	0.00540364797985419	0.677764914086533	0.201701031578562	1.42790284605683	1.88764107797774	-0.266906572241916	-0.0234433806185868
PM2134	-1.16642322497773	-1.14795025243589	-1.20815712551115	-1.16730251579666	1.14608501172479	-0.0456782428314832	0.587040434746632	0.63824673040376	0.592693951869224	1.39146975232647	0.379975480482022
NM3981	-1.34705512272198	-1.34705512272198	-1.34705512272198	-0.942463563778594	0.672552570200049	0.867175270405439	0.632165008835059	0.922248708339199	0.75296392065707	0.588227776477295	0.548295677030434
NM3982	-1.70149541459156	-0.994961499944548	-1.56143107629713	-0.181079270577282	0.442112657495672	1.10634866297272	0.439939905815555	1.10443284124296	0.783765072595694	0.420650241180643	0.141717880107282
PM2262	-0.672711752822328	-0.715909110001852	-0.674238607393122	-0.673099717559416	-0.82956973717713	0.640516843590492	-0.0460551253886366	1.37827592291696	2.1372256373294	-0.725604945016349	0.181170591521983
PM2325	0.0452068425199465	0.401547496551178	-0.238935440584925	-0.102982752914579	-0.258061728749781	-1.00396555200401	-0.345216426432622	-0.474305480289466	2.56	0.0337973414002867	-0.82600350290025
PM1926	-1.06922873739456	-1.12357878250375	-1.12838823875914	-1.17197609527273	1.6910714284263	0.499960028473402	0.268773292057811	0.647572913799075	0.163346530590571	1.14619534521882	0.0762523153641935
PM2291	1.19543302731553	1.18318041790292	1.18633157129851	1.20119209186636	-0.840908504090621	-0.840908504090621	-0.840908504090621	-0.840908504090621	-0.840908504090621	-0.840908504090621	0.2793139161604
PM2293	-0.876721990588061	-0.916127333065717	-0.899032003461547	-0.956327352515382	-0.139031912277556	1.79334106895847	0.095391617879071	1.77368315080078	0.373496960249592	-0.357119540590241	0.108447334610588
PM2654	-0.180645695369504	-0.293415816141931	-0.272308428540722	-0.322077351186622	-0.835863564874791	0.0436773993962584	-0.74543383915485	1.07322974106805	2.56	-0.734901205624254	-0.312491564779255
PM2151	-0.864744094425029	-1.25824685791222	-1.12003989702672	-0.785498971751122	1.39195268921598	0.145670373366805	-0.622985417276922	0.940376373640553	0.296553835276745	1.53719898861497	0.339762978276969
PM0964	-0.456029006356271	-0.456127057351973	-0.467966114853255	-0.483062070952029	-0.717515146831385	-0.568771335274332	1.59024532482873	-0.476318886616283	1.71261157009665	-0.96821822912667	1.29115095243682
PM1704	-0.880083542342969	-0.824843216829546	-0.886168991484303	-0.831418750102874	1.62891940407867	-0.0369360192321578	-0.220147565625111	0.559211488060855	0.0212699147517872	1.95399495256302	-0.483797673837381
PM2187	-0.892812601039394	-0.886920016346777	-0.926488077010866	-0.990983316358005	-0.191071614231813	0.351426938083407	0.315684077363905	0.878631345037899	2.35450861056609	-0.0199379497124064	0.00796260364796344
NM4272	-1.97722551311898	-0.985961554166012	-0.930951435332393	-0.898328359105716	0.756206907300718	0.600295364305847	0.598937046962874	0.67239098876671	1.02060020993684	0.625504908743307	0.518531435706803
NM4350	-0.189349050207676	-0.9057158065248	-1.51999095429739	-1.51999095429739	1.20034797035558	0.834066527919122	-0.173608406979931	0.682327741510419	-0.156859561671178	1.28497121007815	0.463801284115089
PM2004	-1.27062177224488	-1.21614852724464	-1.20828251535353	-1.25047856462118	0.911954255838865	0.758570364861051	0.323883437045774	0.912056924977038	0.811095485989603	0.866165697954084	0.361805212797815
PM1795	-1.16935730183498	-1.20790489706714	-1.23577361992852	-1.1909119681507	0.967716724416592	1.03623137479057	0.117897303216757	1.1162533185358	0.608943293544134	0.732758681664225	0.224147090813264
PM2126	-1.15066951146485	-1.08024012656158	-1.0967673910958	-1.11260088726775	-0.153043878672726	0.813169670720949	0.307601258621215	1.44048670025687	1.41502461651159	0.205296419778033	0.41174312917405
PM0834	-0.429340453556374	-0.475352120307349	-0.522475080742513	-0.530746710366193	-0.146650744883375	1.69089778906988	0.262943893689117	2.07230870314382	-0.133189551913068	-1.18904624674841	-0.599349477385539
NM1550	-0.404731760349712	-0.441684451531179	-0.389538501487516	-0.42588001193374	2.13719207673219	-0.429398596547197	0.0195190629294065	1.34564942609722	-0.706627286619404	0.647095882979238	-1.3515958402693
PM1996	-1.17408253058193	-1.08255267876056	-0.969869850865634	-1.13385586093712	0.828206876552396	0.361466475392091	0.104576609700456	0.805609068500557	1.89513524338625	-0.0277001380248046	0.393066785638298
PM0711	-0.874454294841704	-0.818124722072739	-0.830289789286694	-0.820813600644436	0.240669561297013	0.0683385667153031	-0.5721818682963	1.9269204806025	1.43243298564579	0.836978460954803	-0.589475780073534
PM1307	0.227521771838119	1.11201927527183	-0.411403625930441	-0.377536438762212	-0.435402282464058	0.604085521092738	-1.15742147095969	1.51258280649394	1.24039738533916	-1.15742147095969	-1.15742147095969
NM0104	0.221488131225202	1.04530763130287	1.50475000452453	1.46380083954197	0.296576630107709	0.11642464068354	-0.915755590529554	-1.01580429540716	-0.913167766809142	-0.804567890616785	-0.999052334023177
PM1768	-1.21765273190865	-1.17568979726356	-1.18771314695702	-1.19842979224265	0.888314429517568	0.801076691272873	0.280221008929122	1.21650842847551	0.979954736206431	0.58101200590159	0.0323981680687902
PM1927	-0.98316230492142	-1.32912489094576	-1.15312331497629	-1.01957636233082	1.53708857816576	0.335805237448453	0.289701380513623	0.528145888805475	0.334794196312213	1.39389125556359	0.0655603363651745
PM1024	-0.828808440281927	-0.836222685074525	-0.813626557927187	-0.83404857884978	-0.151574740976079	0.0466060886256864	1.33779638411472	-0.745074983617476	1.58779145138548	-0.275799586449519	1.5129616490506
NM2174	1.05811387736679	1.03674476622252	1.14866149644556	1.21507981517691	-0.443181892409778	-0.511465633631674	-0.468190557286778	-0.588130029601681	-0.322979558564979	-0.160878126394812	-1.96377415732208
PM2111	-0.79855869837487	-1.85461543285323	-1.17631697217696	-1.02074502064135	0.779135210518045	0.651765106773307	0.687643298222436	0.917402949093487	0.682304045266098	0.715154189215631	0.416831324957409
PM0320	-1.14713450767525	-1.06815172437853	-1.41295179416568	-1.27159143453495	0.559719906131512	0.554703484533758	1.07883182597594	1.05715527001882	0.829200415685174	0.451136660892688	0.369081897516512
NM1145	0.801466093140307	0.929188098466393	1.60905129621696	1.5692766021321	-0.701283155707966	-0.701283155707966	-0.701283155707966	-0.701283155707966	-0.701283155707966	-0.701283155707966	-0.701283155707966
PM0466	0.348199379251885	0.770669155830604	-0.0716713378898587	0.380967150360452	-0.858345760573836	-0.208081718215124	1.27282259831903	0.0691021941936488	1.39101588204676	-1.49163493272382	-1.60304261059977
PM0682	-0.930993531157157	-0.953982675620516	-1.04221633012417	-1.21323874087262	0.643258301779473	0.943051795071951	-0.1180869963005	1.9083480899248	0.570431336148707	0.5221793131845	-0.328750562034471
NM2680	-0.991695064965256	-0.0716434529729048	0.216936837843977	-0.694867988975521	0.857864054507138	0.246522430310183	-0.559235052684376	-1.90019160137981	1.57311241400355	0.208155986809704	1.11504143750334
PM3167	-1.48146507246939	-1.14055782796415	-0.870724063587723	-1.48146507246939	0.73138119053124	0.674988152186715	0.733415707360048	0.682149047269454	0.622516782012465	0.756980974240396	0.772780182890337
PM2383	-1.17866959386757	-1.18045976876465	-1.2420451101509	-1.21365874602673	0.0495266355200297	0.560196829572132	0.943521652010119	0.352873335859106	0.83374951582411	0.930935941907714	1.14402930811664
PM2128	-1.15727283206623	-1.09598337413625	-1.10745693381511	-1.08702234778648	0.461569494476644	0.664608370392722	0.493593652874237	0.241944454228059	1.95625851697418	0.501015196011331	0.128745802846903
PM2384	-0.864078196997514	-0.975689738971018	-0.872170612474462	-0.993511416559319	-0.67942942359356	0.181679643164749	0.205981254504462	0.851952122177151	2.19889186686652	0.41061101947535	0.53576348240764
PM2807	-1.07224087457648	-1.07224087457648	-1.07224087457648	-1.07224087457648	0.0213049475811198	-0.10437836025898	0.159273140090001	1.00405252423158	1.7908855223876	0.977216825575398	0.440608898699219
PM3023	-1.36469544610511	-1.18057354748688	-1.28838525881751	-1.06836859684927	0.0646196100350264	0.812095433373427	0.776476520712619	0.726699031040162	0.713525869378063	0.864461286363629	0.94414509835584
PM1040	-1.0083048577524	-0.98688012198979	-1.0375861443343	-1.0260593776545	1.60731967405189	0.602217688286058	-0.425418434532782	0.828816062287661	0.060835890345099	1.43517724187468	-0.0501176205816094
PM2594	-0.711768814207768	-0.807958574935111	-0.756489264718027	-0.763455240337278	-0.816736230074762	1.08342204963834	0.0301663773511817	2.05908427756302	0.710062023552829	-0.754551891915552	0.728225288083128
NM4337	-1.80691832189874	-0.233475725175578	-1.41309912358411	0.166483630405308	-0.275244353392215	1.29278088592313	-0.165918201238478	1.3905575487461	0.968165036903152	0.0994315085303437	-0.0227628852189119
NM4281	-0.807070095569864	-0.824267003726946	-0.983304518233209	-0.865158924760717	0.404370377095709	1.70543340598447	0.407540934585706	1.83247301423477	-0.520229374508469	-0.0609768292597044	-0.288810985841746
PM2233	-1.14619342564668	-1.17530981775973	-1.14948365889259	-1.14292861228927	0.159886874039254	0.898805751519631	0.279643326842867	1.30872818047109	1.33878573390719	0.136095944537015	0.491969703271212
PM2226	-1.14980141236575	-1.28124419406046	-1.24271079862897	-1.2103061363196	0.629316416814763	0.7292526257618	0.271549341812427	0.283878452842722	0.93908462419624	0.996750422134633	1.03423065781219
PM2308	-1.14560320191109	-1.23005847205923	-1.03044086458374	-1.1506419813932	0.360086870181263	0.589022242513829	0.170371758915723	1.75542288812347	0.959671142497955	0.460797209245911	0.261372408469092
PM2312	-1.2814551407713	-1.14931269222604	-1.20041190645353	-1.2039337279197	0.488750399522386	0.977767318634799	0.332357333632241	1.01244684536091	1.2118784580088	0.500405349376779	0.311507762834665
PM2286	-1.05726635515162	-1.11899581086424	-1.15165467073353	-1.04317256145872	0.491876609408923	1.00417967301765	-0.0424595688465827	1.61923383172559	1.15179240288079	0.0278109026996378	0.118655547322094
PM2532	0.722675548597283	0.690622039793041	0.752618455754856	0.695790062329275	-0.334574303964978	-1.38496643785382	1.41918128395648	-0.280407673672597	-1.17412941733535	0.404810576099008	-1.5116201337032
NM1254	0.0968221348037768	-0.537770147052078	-0.514327073049975	-0.499861562070448	-0.479973117693202	-0.482588637384199	1.60306654077275	1.20954988410413	1.62694888705421	-1.01093345474248	-1.01093345474248
NM4270	-1.57388834305166	-1.57388834305166	-0.205405360570677	-0.32232859763672	0.799588714555145	0.894539670900695	1.06762860551577	0.977791733720444	0.115629727881781	-0.906749608616065	0.727081800352951
PM2159	-0.775138119229252	-0.901648427601769	-0.880705312711162	-0.888206335214584	-0.483540246985817	1.35383526357418	-0.161652964731836	1.62728688259341	1.28446967189145	-0.642165869700569	0.467465458115942
PM2158	-1.09102863598721	-0.90644727840259	-0.921575139846123	-1.01573895679808	-0.368668838712461	0.744129432270097	0.298084967359863	1.44872847526661	1.77963819898382	-0.159653019057319	0.192530794923398
NM3747	-1.24997209726362	-1.13785613864716	-1.13003993629817	-1.17283550683365	0.373765296863912	0.815390612003015	0.208739807854819	1.29022516195152	1.2895894355628	0.530110442578106	0.182882922228436
PM2143	-1.12185934493703	-0.985558122635992	-1.07842463240266	-1.05841823729784	1.65270945260766	0.0283030202140076	0.0753080353979486	0.551774722929141	1.51937942718027	0.365097511849873	0.0516881670946089
PM2295	-1.25086070702893	-1.25086070702893	-1.25086070702893	-0.22015334048149	-0.624890723991731	0.962880045879635	0.337406041714677	1.13967181493172	1.52527134487179	0.295725561333997	0.336671376828188
PM1149	-1.08371304906318	-1.38188273710842	-1.37107601051169	-1.13559438272847	0.932723148843326	0.909625481302161	0.807349753434554	0.752213780716622	0.533588911668796	0.586770591889905	0.449994511556395
PM1900	-0.721093956390495	-0.78744423286433	-0.786094964910424	-0.757023093597758	-0.453006634130511	0.464800763212296	0.0410044158591851	1.38605942282135	2.25125130659223	-0.481838633557445	-0.156614393034093
NM2302	1.34444435192177	0.681320191287782	1.10653984014869	0.581758656455583	-1.18637173023509	-2.01381949955183	-0.348139676659063	-0.200059928377856	0.508581403463724	-0.528771514734457	0.0545179062807518
PM2804	-0.469351160919458	-0.529537838557679	-0.477856529307728	-0.49335416482648	-0.110237349073246	-0.591984488697238	-0.606790805308248	0.120586506301104	2.56	0.366864580054253	-0.0620692320621377
PM2541	-0.424985937635307	-0.165655074804581	-0.331708607390853	-0.104855765037056	-0.230223722199081	-0.279626032260158	-0.531993669216686	-0.437963592410153	2.56	-0.094336353103794	-0.383441109976923
PM2839	-0.962826970894142	-1.00323512119439	-0.960000994357207	-0.945475815701203	1.55759131444173	0.729895208284524	1.34718035903823	-0.201872904239981	-0.613579232519546	0.0230223162280898	1.02930184091389
PM1838	-0.869506669309711	-0.855034164528596	-0.837196643625975	-0.863272759773773	-0.440209385667645	1.47595273290972	1.00579567808387	-0.535432659173378	1.41145458263239	-0.5447884649532	1.0522377534063
PM2019	-1.22741627357049	-1.20608624715512	-1.18321838098515	-1.10967098486665	1.21707376707711	0.7701645554264	0.109699611437378	0.994349145784078	0.769885862524047	0.859936891423351	0.00528205290504732
NM4256	-0.927683350119548	-0.926975406075493	-1.03205186623314	-1.02764910922391	-0.129528188650984	1.01996233743019	0.922773232175269	1.99146424831192	0.272341059739964	-0.395163853215914	0.232510895861644
PM1880	-0.848031757924337	-0.848272594116115	-0.881517682562163	-0.807076422772486	0.104213523212759	0.519836697031317	-0.030497181495852	1.7435542055072	1.58984458798853	0.482734291449661	-1.02478766631852
NM1240	-0.884430404946901	-0.885346827018956	-0.894900170140975	-0.933504390500376	0.417867986499753	1.11509647462708	-0.90708638397778	1.57814896236149	-0.494913710140923	0.967161935198681	0.921906528038911
