,xinexpo22_I12,xinexpo51_I6,xinexpo56_I5,xinexpo44_I15,xinexpo28_I15,xinexpo74_I6,xinexpo56_I12,xinexpo70_I6,xinexpo62_I6,xinexpo75_I12
Streptococcus,2554.93225535793,1314.27010308292,12253.9064669033,8197.91265183345,13710.3134681859,13455.7883375046,7371.53287496717,11386.4156951283,9404.65233750648,1425.59340030279
Corynebacterium,3785.67701799461,1752.3652751391,4822.11736139585,10182.645106066,15183.4253560511,8659.18710240952,19587.9336149115,4160.58669892045,17268.0743883535,8585.55006631271
Pseudomonas,8320.49370527177,4273.46566300162,3390.83512194923,11938.5771781731,10876.4333176999,6541.52534204711,6737.61238615317,4761.59428315296,88440.5368593983,7033.3315642677
Staphylococcus,1416.96899264308,1484.71283762154,4479.59496582461,7039.29175084119,3978.49022486678,7238.1489706954,4001.04618103213,16810.8892014028,13938.6284605234,3256.74176716466
Acinetobacter,12066.2853193852,2819.65635025479,2035.58132426217,5778.67258509693,14125.6601468976,13756.5871611742,3603.5938079679,13084.3477466416,73921.1368344317,19301.5678941725
Propionibacterium,687.605820173174,318.015893435768,11518.935619383,3524.59302950247,8267.95675739403,8852.31873494185,7776.80745667814,23827.9436604589,5244.44001423925,15060.7756338796
Pinus,1043.90391156741,4750.30146144471,8357.31604840639,498.086903666776,687.34780893879,942.719706837762,1412.52972665839,37935.2725603952,579.936832598759,105.994499398041
Lactobacillus,917.303727067309,4502.87230425257,10458.7641897788,7052.55274350428,6549.74153808053,24024.3545929877,2183.74382802348,6229.39512538166,4137.42316652054,13032.9720407364
Malassezia,396.350340342329,106.800754753599,9425.72438379928,903.370740604432,9196.9206501396,807.880605368689,3810.48635181738,13553.9384250605,7656.38323781388,23.2801594198632
Trametes,2379.61937725312,26896.8894038444,32091.6052614976,29971.3840257458,17505.6986432897,29016.384978724,20617.7004162097,301.752257700519,628.31915187183,167.861439751212
Stereum,1005.01180528667,48817.8738796314,61905.9765206599,20735.3808286876,3552.8874582002,39469.3407405452,1364.10467059957,69.0841455593938,24.6141823073458,388.509537003841
Castanea,25685.6651438157,1444.6303582759,2410.53415787381,1766.16534396015,14644.7834643184,2701.27852731911,5696.03816024494,3968.9732820164,668.763290896037,8386.96788311016
Rhodococcus,10995.2412050052,1153.33703376616,399.522354615297,864.50716290489,2542.62294219639,101.015993889462,970.583543993216,14770.3530475224,57.0039260407385,0
Nocardioides,10326.5018370935,707.735003586587,472.119974701549,2235.32322427436,2689.52194344389,8940.0899187299,4604.67604865853,11833.9211485138,6590.39041700519,626.601193901633
Streptomyces,636.134874551778,21.9265621462901,640.578704573064,751.095200597503,1017.58328134053,927.817082658497,5719.31056356769,5045.13201905735,669.850896936245,13.0777960215055
Escherichia,45.3138853917817,90.1571196962435,346.445653913169,154.880829762171,234.88502114595,420.483439137576,874.289091725279,4178.02894144831,1310.59519618761,16483.9044690538
Haemophilus,173.806799145353,175.13318037209,323.622624738996,638.079308569992,252.847794392218,543.284850487067,201.808911840037,2977.95648505816,734.352365073353,2123.31425578422
Rothia,25.1598386510489,1514.62696648112,985.091122882103,783.991311791426,337.511444458281,839.59760047361,825.663041078308,2183.69337436947,1128.47671257734,49.2290136353685
Hymenobacter,11105.3484756664,3304.66923911375,5373.3252253958,3141.29654207723,10270.5578327571,16519.2646648512,5084.10470920715,26092.1674526915,994.259069784627,3481.56705906957
Bacillus,848.525039796012,430.298638077804,0,275.542834898204,116.281052332139,1311.60058156943,66.3903672822968,1845.66308298061,357.681743781332,16.8558444505217
Kocuria,45.9351546689994,406.559865378179,340.056896384908,814.599438892795,470.462618652571,753.502698587749,888.034040143254,8882.35379765228,288.552329903589,0
Mycobacterium,1873.93807003539,43.7692848279863,1784.39657709592,1128.13610775188,5193.88583884165,357.769375816029,101.631604406162,939.521464705174,2184.47484218907,79.0611147845853
Psychrobacter,726.336183062925,2247.24147757841,527.859884282447,4300.83740127114,1939.57571993188,932.447102541608,1601.35314142826,18910.0738037422,16801.9250088489,6439.83013764243
Puccinia,973.741569731854,136.8811593015,78.3878999613476,31.3082558963912,399.316285185383,87.3799757624732,86.1149240995399,54.2486063533271,0,0
Veillonella,108.451631707176,27.1730071803088,135.367472356647,359.836922408576,1248.04750751361,249.140636694559,489.695393659943,1037.95220047349,1455.67742070981,315.625100155559
Delftia,27.3539070995523,30.1751786939288,2761.67109325288,240.333004783379,95.2842088848018,5307.0495228725,1792.54586463024,1749.56621422527,1069.98115053761,3599.05598369592
Betula,8431.57219972598,1659.78892118609,1215.14400627288,490.163562391868,5792.98697750993,3090.45788274135,2115.29005863747,2896.95478372356,159.958832644243,1358.21997405228
Fraxinus,486.643306586711,129.879259388262,359.537224214734,19.6704293638783,126.943589924376,283.973087805727,514.101346824806,418.450482474119,1263.78923861083,207.103028372779
Sphingomonas,6413.50687670091,582.338788604201,1679.14416967515,1989.02713747975,4323.06954124197,417.253377898632,3012.1886257143,2740.75006357019,7900.15432185348,498.938203390942
Finegoldia,126.424577556163,89.3865973963453,340.675916462902,56.6638634469418,1433.46374019808,239.815282662931,27.3283610256236,19.2837512902719,1869.18089712059,2007.82264592005
Anaerococcus,420.22071649972,91.511345375234,1875.35093823181,191.391489600435,770.079191407735,44.3703659963608,306.321986721831,262.06585944576,1523.98571936591,1061.28304998357
Clostridium,529.305677586303,19.8002010450068,1.45485841071067,1084.83536721695,882.856907656508,1202.59374617881,39.7561891937928,3008.570360416,236.24847381432,855.115443425252
Penicillium,805.602795462372,1193.43651252254,488.009902503186,732.787750469649,1049.41736871509,756.491825818921,719.765206226326,36.9270165483843,23.2219739457654,9.36745621621435
Microbacterium,2213.75440787292,278.781686839657,187.039156474337,746.26018446757,932.46720336657,1660.94911357791,224.59652799227,3781.1331812326,16.4377705401462,663.734437288666
Deinococcus,114.294515569458,259.536264534759,913.605017548762,303.717045392393,3573.91100810174,825.328503642628,202.104551479414,1814.40385373747,341.130323894763,21879.7087427519
Paracoccus,228.277669670793,251.601390236313,1095.29569853024,29.3172909004113,863.127745172651,92.85485775445,5.47779239285878,184.611830852032,2416.96965610339,5.31555013884426
Actinomyces,76.6510000592139,67.8213882575147,610.670664781443,1053.27104049172,2186.96499986847,889.066265556674,102.387602032319,0,392.076204285893,14310.1330318838
Neisseria,329.531914837076,242.98799770035,32.9319428213329,952.508908097398,871.313797899493,3197.05937898844,130.500126684914,11.7764356387032,152.206088483727,6029.8896037173
Moraxella,88.888917082976,505.159419854627,40.4797456101099,1006.94303547317,1479.46863895796,1410.7188853944,3578.05047025154,1184.85531830736,995.706816600848,7.65792584946914
Aspergillus,154.645388140952,53.3073117437299,6742.74918653932,169.368652191739,93.3967188127697,890.584602116535,4340.38954166464,478.247402604566,118.94194065499,455.332440901764
Peptoniphilus,210.393777495238,18.1976327417536,331.859314139219,107.791199673913,166.191553721226,32.2243330488384,157.127000470105,9.23031463574925,1401.02095308975,0
Methylobacterium,2227.81697906248,186.992656402861,400.695375014847,503.338251832451,794.326265541148,255.087460803814,572.431021519159,125.299703312621,724.401723104819,230.078127797126
Fusobacterium,8.96255534811261,132.888913921479,261.0180017763,188.588837279219,269.951646210224,957.97022096618,54.182675584441,0.28504879767009,400.848070758543,2728.99042449565
Oryza,22.0490888244616,101.74575105708,716.114510954152,20.2977446325641,734.456705747426,62.0314074322031,7925.17043843589,82.0648092095468,449.337448633675,31.9201059873316
Brevibacterium,0,4.19641057714856,0,7.41894355580015,564.893644769404,2.52328927323601,536.502650209906,20.9405578385442,373.355708492663,0
Phellinus,232.140201491018,3549.49190932861,5991.64526719677,1292.89528194463,1317.68087462921,2618.58534452674,1052.17196458359,2.01877704656167,23.6254104072966,0.748894487457448
Bacteroides,88.6497688763144,8.08354290803819,1374.935636543,102.988694733983,817.270288808814,148.035974180554,1378.9966838879,671.931905067108,991.635142981742,71.6670878525887
Dolosigranulum,356.192345891896,23.0104096059883,770.249647406856,401.177836538994,133.440847647334,1198.10776650308,722.720315623306,20370.3207798953,16.318584823508,0
Preussia,6977.3841748374,199.305190135698,91.2809364054562,254.020310212619,2410.76137654611,1367.05638534904,1596.10518934053,38.4496418273799,79.5435018048686,0
Prevotella,156.359852494811,28.990069861429,4.78626361242334,128.915196226201,252.437028891696,2564.31087839903,943.972228877899,9.25523579856219,40.054240215637,17.6396148559483
Aeromonas,323.690200909258,428.658806547985,448.11532948879,475.47498588091,3100.81132132563,110.227674522111,82.3806896982571,0.50936065397597,161.773417070063,131.843253856918
Pantoea,1432.31816314374,334.882952679548,0,406.529572363695,432.839198707177,119.28112939259,229.927826079744,0,4103.37556464969,0
Curtobacterium,5302.84296949359,352.241225364924,322.82682117801,68.4425957329274,183.065431880109,377.526932083393,314.049283227142,1.09216241731281,1018.54900389863,0
Leuconostoc,16.5747355755406,149.815146061992,1041.38075028606,161.420699924444,1892.18336765254,43.7893160991229,27.0837658337217,270.686961675683,1224.11078287817,0
Porphyromonas,52.4071950895625,114.609660439496,15.0104380621267,799.166081831867,479.975027695544,2290.66380360966,243.928265354048,129.683859798614,0,1523.10794230705
Ceraceosorus,1650.24285014314,2760.07572943782,7287.31485766795,1081.4095465121,0,1.71673044343475,148.922065977353,0,0,28.6491912021474
Halomonas,0.508494304037565,0,557.807554977939,2.54179673356818,83.7854880498214,12.16831059393,2.51457286228887,2.26916011194995,69362.0389707399,4.61427149415696
Quercus,501.895254793314,3.48506350330025,4405.08080465108,17.3633040964984,12.9043357427475,10.3170052192011,384.614968001969,0,208.033592086812,10051.1942200817
Spirosoma,3592.57619552259,795.132163876165,998.070679135346,638.881651149359,1980.28454830537,1488.77869707438,299.30269286573,1227.55394773476,2.95948848165087,50.0259746670617
Arthrobacter,525.943992507728,1126.76783718994,32.0806562609122,752.157947627709,576.681011214371,259.8171195898,1959.67329804459,12631.8511143989,2.62487514663749,0.140081148239724
Leptotrichia,7.25507380200135,43.7852596636655,0,81.341880583136,83.0360741685202,16.8639478363551,522.836147459844,705.872441001663,127.145066081168,12.2383487975891
Physarum,527.64850283327,114.576822690999,0,248.799205830632,0,18.1201757450801,2.92945667895968,0,0,0
Flavobacterium,1180.06035772438,171.228869273099,728.385025623115,1020.62192740579,88.0235971177484,1203.25352510023,1091.86898356332,4465.76118923317,9.44425953591973,0
Onygena,256.746691497695,4660.54721931466,3854.77698727326,2457.38725844134,1693.24812831076,1214.86154463219,2964.56848512362,6.78718315889144,245.723434761521,0
Truepera,28.1858017551574,0.950767181326957,242.772350274385,31.7168361635359,6.39008354621708,4086.15294504534,341.941810790319,860.776876047611,14.7657798170943,0.48251270441913
Chryseobacterium,103.450265441214,27.9260738880608,649.093864112857,137.814332828098,3482.00579511492,89.6028192012264,81.1434764422939,14.9320970591594,306.055106326586,0.947294858019932
Ophiognomonia,3763.63129692331,654.475043439372,69.3047679163589,2046.76765364582,123.764979799308,586.932713327428,561.230436014256,0,538.60440648624,5.39965400095037
Pseudonocardia,703.888638337582,189.031307607162,6.2079400953101,598.857711135117,55.5350113957804,112.684432775132,464.010632670078,1099.16822966974,31.4969793551999,0
Capsicum,4.55950372126832,4.71332289905793,0,4.34383562673875,0.720842312749021,3.70414202675732,1.44671558214902,0,0,0.498777050502236
Massilia,153.300703467744,436.58578337058,6.41293295028216,1049.3685566704,52.5793651240782,10.6829007836341,20.4850724581538,0,3967.95101922236,0
Alloprevotella,24.491644410613,57.4974540295778,0.340675367982301,42.5595983282014,970.253902315606,0,233.067858045265,0.815203638999088,0,56.2839790665931
Brochothrix,1.55919462442888,0,0,0,0,3.5950444241861,0,0,66.577258298133,0
Alternaria,278.52539642464,4.9292396587012,16.7472706738716,4.36227631038084,51.5309612771069,30.4212355506391,0,0,0,0
Ktedonobacter,2.49725485390146,7.23525924111137,3005.22299485937,67.7756788922323,66.5042418563796,0,111.472411689773,0,0,0
Weissella,10.383318114535,47.568690450306,322.029808941973,346.126411407848,319.880166401745,1687.56276734881,8.58764562300219,18.3218130237755,10.5990397370603,5.7223087170377
Peniophora,159.697697943813,1432.0022384679,904.002277343391,1700.06310716359,63.7055995173626,593.580208721977,555.023098282364,0.849698325893033,0.900880680150592,0
Kytococcus,68.1600010814146,102.511581668445,3.37801020119671,24.154940213636,7.37626379039882,608.453391350163,297.625066344417,7.38764991814023,0,1.59274627456344
Silybum,98.0986500857024,63.6184902307888,156.329534106361,55.9150185230704,391.525531227688,1002.30136927491,24.6543996695626,17.1890480493655,331.702065500714,147.744479165971
Canis,2.32421327828686,33.063736693483,100.189835525168,84.7121898142324,44.0971902734323,7333.24254249537,264.165148254886,1.17700025297306,10.6517484320196,557.18813545151
Stenotrophomonas,13.4620430347914,77.6354997109875,0.340674467930859,56.1785933366901,430.826185189446,478.613871065135,3.61340013855969,582.18417665578,723.418247006468,483.36314400255
Enterococcus,10.7726885427939,540.762311742759,33.5948905010113,66.4061084154244,570.259794078318,72.5537901305115,135.873305680431,2115.17898679045,1143.60075084858,30.9146397670783
Lactococcus,104.806215933004,144.236741054612,236.990260303197,50.6825648637254,367.984312089383,227.381464429637,322.350192187021,391.946799611985,17.1218136282804,0
Tsukamurella,14.3430701160169,4.25332970849932,837.219790010884,0,0,32.3904918485164,34.5162104376686,34.7299871166218,85.0557379044614,0
Patulibacter,758.803461979072,58.1816596876886,0,219.384733642978,0,446.07476496755,27.5313494983549,1603.82029038731,2099.79406723205,0
Adineta,58.6341190161571,0.276884181870035,0,6.6664479746084,0,0,0,16.0419199334011,376.577207291022,0
Nocardiopsis,20.5706486739518,0,33.8061999035666,60.4455039920056,4.51110977798321,0,2213.18515792352,1602.2616826418,0,0
Rhizopogon,141.231417113003,2258.32641704668,897.089195250857,680.484790415891,2695.52081971935,1607.08618177967,2909.14500118667,1.45775205312973,68.314305209696,1.9372287502602
Gemella,139.638398642254,0,0.306822646595964,60.8126390353159,0,443.838184633559,54.9906492302558,3.22119200660976,228.739044618912,70.456336250708
Capnocytophaga,79.1337382713051,237.22283089105,154.720319170569,246.886776833371,1320.14632238216,854.84352894866,15.5362170282026,126.718338343541,199.830231457171,484.044926801391
Talaromyces,59.0889592927554,52.8422530397619,6.89627345722553,132.108201999812,123.682988280648,23.3005737005508,104.841284107485,153.913450110159,0.386850646511895,0
Picea,1097.51188827642,320.242078843257,785.896580744262,0.842868959071039,7.14715212689949,384.853578226002,295.463177195334,0,0,0
Fibulorhizoctonia,228.883373410614,2957.16175517081,3928.81590401004,896.343522120807,742.948237857445,23.4465985901619,16.6319861799665,0,0.121772237042731,0
Phlebiopsis,85.6721337261111,1487.38973673002,5074.44381181951,1186.02320420767,1740.59366542909,3049.59482064003,1397.32450138241,327.451973531135,244.875152051514,343.055920045253
Vicia,54.9874029101019,10.6074983216712,0.332886712381548,0.415175650556125,84.8267771119134,88.2965481902904,2.23833420597852,180.345183834923,750.149156948851,0.096415738468857
Lautropia,32.1866475313086,96.4950685309413,388.284734534145,270.187022749713,160.376363850062,50.2215223829522,27.3577429967965,102.054164912549,0,0.412033803013213
Cellulomonas,279.628321624528,6.4842089515439,38.342728727717,110.713345229689,182.39561052679,0,452.868400781332,1651.67486854433,1822.49401188839,0
Peptoclostridium,0.307331176820686,12.4310537996686,0,5.41433169413963,18.9018596721102,118.897680397128,0,0,200.855238362066,0
Buchnera,13.8497367803637,83.1539594406204,0.780088367277026,0,84.4752003616193,631.908073487211,1253.66075289833,231.645102104862,266.804214288156,219.265187244442
Ochrobactrum,0,0,1724.8393853808,0,0,207.710272867236,942.303915087412,804.422333543104,0,4069.82646827889
Botryobasidium,105.527417437455,2125.30580425289,456.483928950591,728.006427495416,611.031740248123,281.897325904448,227.923461495758,10.2254202584438,0,0
Carnobacterium,40.9135498809722,112.049629021406,1018.68991021628,99.5956130409433,6.13018811556943,185.3990521566,54.6580468942355,407.317120451152,54.8473147763907,4.64504136777516
Gongronella,389.494364486476,5933.95541423665,1443.4713278319,1505.34928825662,2052.97458821236,1415.56284236723,1415.98652713077,0.78004248084039,0,154.961509028481
Ruminococcus,8.61659606147016,47.1652128522492,6.31553965998333,108.470859649925,123.139049142412,359.279806361103,34.0279531414913,72.2828945724148,214.2849333101,0
Gallus,0.281404436737767,0.469710753615735,27.8407410147938,0,0,77.7964454881913,3.33769623430016,0,219.244780233681,0.0600770884472399
Microlunatus,231.8514086276,25.549562491576,0,482.266397476682,188.555736504334,90.9216103373322,379.850493023986,1152.34843592492,28.4905516109532,17.5398342930751
Nakamurella,834.297854100194,57.1051049930872,4.60571473064206,376.916608106442,144.354290582642,195.068027310528,988.259594091061,2972.2551851204,11.1639015323722,0
Megamonas,3.8895019081713,0,1.47661993506632,190.753713079185,8.72779250822409,1130.20810270396,1.95851001104599,17.6061384066774,0,69.8161603520377
Bdellovibrio,855.634035097919,34.8775577158168,0.543792300812485,363.456927577648,248.077141761721,0,0.105946468920573,0,356.782155302492,0
Adhaeribacter,562.097655280491,0,539.271998948606,97.3715747229509,1.92234800547125,40.7362546685765,0,13.4928278606711,7.44942195731822,0
Shewanella,54.0485678010919,12.6595320149598,162.131634598843,0,30.6273048990653,0,0,0,22.6877047782215,0
Treponema,7.33193943859839,0,0,10.2564220452754,259.285337023572,178.175553338717,0.504617063892629,0,0,0.081907837201276
Botrytis,46.5991880003598,13.4028827395388,0,366.735978137474,0,19278.5095705833,0,0,0,0
Nosocomiicoccus,0,0,0,0,32.9502110393067,0,0,0,0,0
Mrakia,92.3554703588647,1698.92509052742,392.002363227994,3468.51028022616,533.616781886047,691.350272215272,907.992691420447,1047.53654580375,0,44.6065364410737
Synechocystis,138.527555998798,139.005694603687,8.88364152688541,96.9193154219212,978.450502280663,872.768854982573,45.5306939737102,0,0.871466493386258,174.671544830296
Sistotremastrum,21.2867961118118,547.544487942896,396.169997854924,282.169681573944,25.3075929998203,2939.65815670495,567.287685327921,0,61.6446940821379,0.687500431715305
Bifidobacterium,14.422135450796,19.3643159940564,18.4982057214781,205.165965541073,71.034731508478,15.0263710104905,99.6470364688527,0,0.702869801180889,0
Paenibacillus,192.910279644313,0,9.67582328087051,46.7029038713975,301.018107016238,0.310049825167537,520.214167839586,0,15.6930143093958,59.3033113383424
Devosia,237.885851367545,56.1908005029687,13.0104442723486,37.2460940035244,100.213905669277,0,50.5045359248727,1601.80794828182,0,1756.7999952846
Exiguobacterium,291.750228484019,94.4029323973834,0,105.432408862683,1.50427055253922,42.8887657792597,162.385057546419,9.33396315616713,38.1127060293218,0
Triticum,66.8931046389533,7.59984716246761,0,20.1147458118751,717.972329713949,123.182863105018,634.656449329859,0,0.173068122883078,0
Calothrix,0,104.740032974016,0,58.4094674698852,0,566.226076895057,0,0,330.623165871259,0
Klebsiella,51.351306844315,55.2505769007506,0,144.732741074166,15.9606711449782,51.0836234919075,11.0313644965791,272.311750336338,2381.37652520309,60.9099741324266
Campylobacter,64.1267609438974,43.9068052287365,0,190.190810427439,173.625126621879,0,5.82089290850578,600.619535856962,1271.521497045,2898.20852455418
Phyllobacterium,1.19872206608839,0,3999.42075750465,0,0,1894.92605631383,993.45556650346,62.3326125639401,0,5546.60985018233
Fibroporia,134.053596510506,1344.16677227912,572.117168052263,1171.31662849892,1075.90844843511,252.379851220006,706.275092796813,69.3140690347564,0,783.043947912745
Amaranthus,0,0,0,0,0,0,0,0,0,0
Gymnopus,3.59292974986268,0,6.55855540304173,2.57912127106689,0,11.5254697606466,0,0,0,18.7612786513229
Frigoribacterium,623.454818919282,4.18730003390591,93.1531739919609,9.06120429077438,541.633257712304,167.722741388577,9.47005710789423,1384.37729262637,68.9758772547149,0
Tilletiopsis,254.102321004619,1450.74696490755,22.121253181271,326.748927229492,0.978695940272901,234.391361630141,371.938809845413,0,0,19.896127710087
Enterobacter,107.826222934058,0,80.2789457750569,312.785520633706,0,0,109.003303678947,0,4412.47263127989,0
Pseudoalteromonas,3.16168256616559,27.0954136658345,4.9353709568958,204.592816347837,119.668545960167,3.57368088117503,199.691406805424,50.8857978765416,14.8988459265314,3.32498701912674
Lentinus,129.839416485674,1791.51441427534,1313.64699429539,760.874998904049,540.386658723689,278.357817518709,894.097531035745,0,0,0
Nostoc,0,0,0.323076326305395,78.1900746167571,0,38.1429299509886,69.1156423162821,0,0,70118.7840653163
Achromobacter,0,0,0,0,962.143016733036,0,293.727985659943,5.61381297001604,246.836329050773,13.4005960481177
Taiwanofungus,175.59270650856,984.998976663096,431.457525996984,268.297334325259,744.967030346637,1532.29184236269,1502.0038757772,6.24200634674017,7.27894148432458,0
Marchantia,195.912789463331,73.2328871825832,10.1153695280794,581.486897477224,242.305151054866,496.625873641013,773.477955900501,0,0,29.030016752972
Ziziphus,0,0,0,0,0,3.03505978246342,0,0,0,0
Abiotrophia,22.239892148885,13.3925530119165,6.96545444701822,470.068391706547,648.671989799521,2077.46445346076,0.194215611899643,0,4.37298755110256,0
Pedobacter,853.414830861713,93.8647566589084,38.6229532421825,77.6802070118039,0.827313391301886,216.241113320662,256.990450124838,290.041679339213,6.11063044242849,0
Gardnerella,105.46779118227,0,26.2976233985205,44.2391785248162,36.0968622331632,143.809696150276,17.0860867954075,0,0,14.6160382626047
Zea,0,0.622025715374325,54.1867239488981,0,98.8703692781165,0,0,0,0,0
Bartonella,0.874413469272568,0,0,0.831487838100012,515.695315900673,0,0,0,0,0
Gordonia,207.09288044027,1.6955416852719,116.648411690032,0,54.3622429726177,62.0140167020575,4.00568679609856,0,163.582707929624,41.2913696851002
Dietzia,59.118771137113,0,0,0,239.179246555824,0,6.72019282480442,0,162.209916872269,1.18906587059806
Alkanindiges,204.163862231096,41.2649516554546,939.310212956297,136.13815598298,7.65725055082433,0,149.072559311368,3.883554270275,36.9742768515284,203.299490408746
Chthoniobacter,1303.60272826737,57.0781764565999,17.0579904491743,113.936167345106,1319.76941057376,242.966143071067,904.170975441384,10.0121739807371,0,0
Dermacoccus,49.8355308146354,102.661071291123,0,49.5583607544759,81.470058525452,0,88.7205613397988,1.91710374303187,0,0
Beta,1153.71073664474,2.11501986301618,621.815719663167,87.3987719184902,233.712411246025,399.917640880472,320.689042561231,1167.22887658372,36.9445073711725,0
Baeospora,13.4177153393037,307.265183262024,61.2789889540975,116.467969236016,80.7629995021256,336.257543179476,14.2241616820406,198.560865663084,0,11.6985483601794
Phytophthora,19.4452821818301,915.651380112191,0,0,5.17615102633254,72.4471354672839,28.045669360179,0,0,0
Pyrinomonas,920.246340257406,21.0631071767703,13.3882020821297,71.152366929206,113.197497231205,177.285061299457,243.255887637346,76.7774831303035,19.9528239093014,0
Aureobasidium,5232.47387757171,68.1146895615823,144.282810457806,7.76720296222589,0.178251676593979,0,417.212953508474,0,0,660.231270070242
Dialister,8.88153922386411,0.568555795015234,0,3.64574068027121,2.88810943600443,1.262484637338,89.5045995173183,0,0,7199.60915112358
Megasphaera,48.7850975108291,3.6766666573872,20.4239138998631,23.0311941379883,4.87323022863463,0,475.85461191046,0,0,0.168359218163667
Jeotgalicoccus,0,14.7050760103746,0,0,2.78980402213392,0,45.7020444323112,170.57266731906,0,1.32826127961049
Juglans,67.9435310340295,0.709126182206964,0.906363891893787,0,0,0,0,0,0,0
Segetibacter,639.525585512689,8.84512715562568,471.697207898428,218.57988836965,11.067370513641,11.6365561194523,21.7341117676184,285.511279112616,60.2735483548387,0
Rubellimicrobium,74.175908735488,77.0094242058728,64.2510449100929,23.4534301706366,0,15.1751408652619,483.296106342424,285.971946282342,0,0
Arcobacter,262.951192162156,443.341803232949,0,126.406617160145,1703.58512797235,36.2788038443094,12.0117476698078,1.06641000989659,0,0
Ilumatobacter,3933.08767556242,52.9718901836187,0,593.78753511853,1943.22157891814,137.064240770942,518.960864617972,791.471885622726,51.5887525077811,281.353818459837
Cladosporium,679.868918469082,9.69421241116602,0.250537768494789,82.7180444630878,215.679024639617,217.734455298733,38.3133281946082,0,0.728989598180504,133.225443613129
Facklamia,123.93782458121,0.924840331846424,0,0,72.9625263690207,0,0,261.65768769504,0,0
Brugia,17.0501757928175,125.227285716746,0,0,0.479482858096807,0,0,318.293137414484,0,10.8105915246026
Lignosus,94.393470128021,1550.18569179876,598.386173294246,914.444509807139,669.281880266974,163.850155166325,874.023757281028,0,87.5293208792688,0.61819830086114
Blautia,42.4783201487084,22.2713014170056,175.138724433204,0,0,8.17257812841673,117.465191816228,4.908042347978,0,0
Pseudotsuga,330.695411401241,73.1998689424593,773.542896714373,0,1.472457115725,0,1.9085327679212,0,91.2874409268689,0.0952417079663284
Rhodotorula,104.394289473152,1.21226023391486,605.741608773532,0,331.897143024974,36.9001217600411,6.49021768511226,423.109644127097,3.67152890010963,0
Pleurotus,7.6830781340827,1580.06007982923,673.580900063351,630.560404660479,1635.66522141319,670.787983799055,114.343513795453,0,0,0
Colletotrichum,67.7025701088046,0,4.13902911141339,15.1936537577274,3.9316175342829,48.0914353235322,26.9966919101635,0,0,0
Schizophyllum,128.556183437097,835.130746375006,385.162237626112,1201.36410842773,0,1062.00541790126,15.3393451766992,0,0.121774590136258,1.39009822694529
Conchiformibius,1.11693224184172,83.3644026514122,0,218.039064972405,3.81425281362288,1036.73085444083,18.653776300335,1.25259442483181,0,1157.50331605158
Empedobacter,0,0,0,4.79019780489476,0.295953531278611,65.9285667367428,32.6656471742264,0,2.14402191984325,197.567510812522
Micrococcus,8.22514820529353,27.9133099844485,0,163.196348042721,0,0.0363157282475016,0,12.085745449487,144.808196968612,0
Metaseiulus,0,0,0,12.9734789416714,2.22442463290653,2.3249300568676,1.17167671817582,0,50.3969096482079,0
Phanerochaete,67.2737994132002,1085.24345062523,1005.18699835116,916.504210503392,1365.98674103572,568.927133583681,800.09485543732,0,0,0.378481827009767
Fusarium,199.993218729018,173.82289643394,150.587340796025,50.9586478209151,0.450225319350803,0,18.7397813312862,23.3260833480613,259.676340455242,13.4816287692772
Aegilops,0,0,0,1.24165345734751,4.01581203269865,20.2345397469646,14.2708205964016,5.5260060782378,0,29.265335843442
Wallemia,16.4374539757271,44.9288619035513,0,3.38853483947621,3.03422147850232,14.5715234262697,0,0,0,0
Marmoricola,645.365729836656,0.829846095814852,12.578821272015,987.330663114518,617.82239227054,16.9977642546969,565.594110096215,95.0444905082234,9.28024865826841,44.3026436039576
Bradyrhizobium,1068.5875383751,21.5587359487197,0.643469075352961,16.8040521475958,7.99793757106538,208.82291028096,36.6026058028017,1791.21724764511,164.09168005932,40.9723813453584
Pseudoclavibacter,0,0,0,17.384014713002,0,0,0,0,0,0
Alysiella,171.093596792931,192.359195149261,0,371.388244505191,0,1827.64239028093,0,0,0,40.6510496774239
Turicibacter,60.1401777679035,27.4377212114058,0,63.8449596199198,11.6949990190547,61.9604568468799,714.617343658809,234.596759491949,239.265134009298,2.25827127706465
Roseburia,15.5734179634513,0,0,48.2333965319874,60.2478505331778,0,0.450775161435406,4.07336655409061,0,0
Variovorax,474.185422946344,15.7500291955046,6.54323758876107,30.3734400661815,433.780126519906,311.561129991446,315.131363566546,242.626968420682,1048.38847416251,0
Diaphorina,4.42249436171382,8.44326020886285,0,25.824734861384,32.2979180529009,28.4533545886726,41.9430817599498,318.388046312793,571.101911831915,0
Brachybacterium,32.2939745236254,2.5041203945561,0,3.94277762201454,0,0.900093573333967,0,0,0,0
Kineococcus,272.159891434801,9.76996173507372,13.9223181582652,37.7475380511941,108.988973174976,0,10.2627400248277,0,47.2510588535344,0
Mobilicoccus,0,0,0,0,0,0,0,0,0,0
Meleagris,1.07337959439713,0,955.345773178427,0.277466891047605,1.23535710565071,11.5536993480704,26.570769126629,0.709403640601052,0,0
Mesorhizobium,684.791647028623,0,0,45.1323455050621,87.631377747553,274.493008346799,97.7363804187749,12.4308711543599,0,642.152953025033
Amycolatopsis,7.99727730152046,26.2724564924437,0,0,0,0,236.387729131444,0,0,0
Salmonella,18.5476721133611,20.6318664178318,0.874392183985084,9.42402478638691,486.090760873017,0,615.947107350302,0,2777.93208379735,11.2753756416611
Musa,0,0,0,0,3.63633796489275,0,0,0,0,7.5735231168603
Parvimonas,28.8915870700313,35.3991309590306,0,400.795221380273,0,205.444393175688,45.384062786582,0,0,0
Leptolyngbya,63.9643475616301,29.191804244884,24.4042881763504,52.0091029664221,53.8191491102252,0,700.584609266225,0,0,0
Salinicoccus,6.21798597415457,35.2883316640919,0,13.6231053154912,363.123500795766,0,109.698676278862,0,0,0
Melampsora,395.40722410197,8.82750093600055,813.839951682978,0,8.78239030980641,98.0406006849388,3.77491892009004,0,0,0.161180450377818
Singulisphaera,388.745954173475,0,0,91.0911679519711,36.7166701170721,161.674905588698,1.6882590037708,0.19146049585718,0,0
Azospirillum,43.0954391975141,0,3.19437439820935,19.645392909876,3.16247084354491,45.4138845409988,0,847.633138404689,181.816004602844,0
Solirubrobacter,1472.78713852478,4.71575249743518,23.9648764801152,813.230331479924,23.9254429331304,16.3443974234537,58.7012195605106,83.3679102525574,0,234.18365577329
Xanthomonas,105.562022423944,61.8712961804994,0,40.4910080289461,0,0.931072016823586,0,0,1.12113115195625,73.3212247395169
Rubrobacter,46.4067024196026,82.5509663252576,0,68.0451833324271,10.3184702340253,0,0.718242791398032,100.075824015712,113.597001139898,0
Tarenaya,149.597074578297,789.098815939678,1281.78448391881,551.279607114135,527.665687508226,56.3366492723614,154.150621229547,0,0,0
Postia,13.1501762183383,36.148552793226,0.266789016721968,0.102654336964897,9.64287686589766,83.8944824525956,37.0003430575734,0,0,0
Ochroconis,142.964039826034,2.26146379329662,13.6697667866252,0,6.44485805358527,132.250349801371,0,0,30.3090225825242,0
Saccharina,309.307334628441,14.9629186395568,0,142.881061881778,0.237953960472334,14.1619801875755,45.9526234048801,53.5126315552891,1464.29845101662,0
Oropetium,9.85977733519534,743.67372180923,803.728473305652,566.589837969021,1107.71700948613,797.390873669185,54.5572797715075,288.316362172583,268.555972316891,0
Brevundimonas,115.670806179235,0,114.573459090684,4.59968368686415,0,8.13657196366172,83.3806142723291,94.2132746408424,0,0
Ustilago,62.1421581015023,24.5927161999376,0,6.16682704771442,0,0,0,0,0,0
Eubacterium,6.9281728111558,0,0,32.2886071133373,50.418045513783,374.00451952768,0.261613353222831,10.1032793927834,0,0
Schizopora,110.042070875485,188.732539094034,77.6825001867046,529.757757699774,917.762115208585,102.122068642593,344.062502801991,0.396457493670231,0,12.3133722977483
Pseudoperonospora,141.946008194145,14.7591584598875,2.35948015228729,159.166404848596,3.53292811975299,0,30.5263509303993,0,0,0.700840676391653
Pediculus,0.0972151779361999,0,90.3249991309905,12.0407111405523,17.1524904555095,0,30.5975952786701,0,0,0
Williamsia,198.017681488545,0,14.3390293078191,0.759784945942212,2.64726977428861,5.28247749366292,18.287012896769,0,0,0
Morus,0,0,0,0,0,0,0,0,0,0
Peptostreptococcus,0,4.11316861255493,35.1443227035616,0,58.0116827470971,0,0,0,0,0
Ruminiclostridium,27.1502720079703,0.46849689628107,0,12.1486044914841,6.16488681139494,0,0,0,0.472500591888115,0
Candidatus Solibacter,104.537377193064,11.4973015241085,51.0307649686724,0,7.57883825556686,3.59687238684389,0,62.152214956303,390.329503843433,7681.52608384142
Bergeyella,13.5361884593711,107.304110414429,0,198.786527821937,76.0176748540169,707.983980342551,386.301366121244,0,0,446.364421881524
Felis,0,2.59688476601504,0.31662823687563,1.00492940972965,0.551771223759972,18.763627130098,4.38042862262945,555.038734964506,0,0
Novosphingobium,75.1671109686549,91.9302098490389,0,28.6526497057634,23.9589489967205,0,2.62185160518675,0,1.95459831450068,0
Acidovorax,120.534918700658,33.8245074628166,0,15.8944916250923,111.711602651646,0,42.4172556569189,103.250146598571,110.783173512538,0
Sulfurihydrogenibium,0,0,0,0,0,0,0,0,0,0
Cryptococcus,68.4027801044204,4.22861837725721,80.4741354980987,488.235868172365,48.1543242627429,8.51436944178666,49.7603712514721,17.6242955108822,3.65411940823219,0
Frankia,474.135261949506,0,360.625357941773,1.24028415925991,0,3088.46375720987,313.862643594983,11.2320827427607,0,0
Snodgrassella,28.7723313191683,47.92517520706,0,0,1.0373729427896,9.06107808509967,0,0,0,0
Heterobasidion,2.73938131948209,34.3007005010041,0,2.86069113985102,8.52725489658085,111.607647583632,18.0919982607931,0,8.07816990068142,0
Gemmata,811.133254041716,161.039200884739,1.0818094148334,148.354349121846,253.089838065144,13.4553610505314,76.668269356267,0,5.62424591633572,0
Pseudogymnoascus,99.1361333443725,84.052471875493,0,5.46349816313804,0.710121243257459,535.464274048881,78.0925222283417,0.974641625728849,45.6781381447365,0
Actinomycetospora,134.163131613323,0.753682963811787,0,36.6886606230584,0,0,0,0,0,0
Diplonema,5.42613768825903,1.30462388195927,0,0,0,0,0,0,0,0
Klebsormidium,74.4558934087495,3.45710952078044,274.073590197475,0,8.36055835643594,0,0.408640350188014,0,0,0
Mycoplasma,5.25206231775325,76.3108170943168,0,0,0,0,5.07872895246933,0,2.05001497457242,0
Entamoeba,0.28516476908775,1.17093500388943,0,62.9486095986293,129.078562428155,0,4.41632277229331,0,0,0
Thermus,0,0,0,0,0,0,0,0,0,0
Sphingobium,545.826365596029,0,113.059491104608,199.950569496456,23.6679259293632,71.4403764124792,65.3613305657025,44.8540664901512,1.09042311671626,0
Providencia,0.987701477231165,0,0.535194445231356,4.83503996142803,39.1482659808474,30.091653807147,0.374473367096522,0,0,0
Modestobacter,21.6494726457846,7.06208176849606,51.205402634992,101.50623289311,0,0,807.629140084491,3610.57800944858,0,0
Parabacteroides,24.8123215041002,0,0,24.1940847763198,0,0,8.63922096745308,0,11.0100073214856,0
Fimbriimonas,102.353811491961,42.0147898296108,0,0.371924149600761,0.688693289722926,78.1449456839091,140.334688188997,0,0,0
Paramecium,81.6256752565995,19.5976487879794,0.835569365104852,31.3733615159169,0,0.605759588453756,220.258366037741,0,0,0.351077188070612
Nesterenkonia,7.15073110888177,0,0,6.38033509898722,12.7878257548964,844.835357761099,0,0,147.962400809983,0
Varibaculum,0,0,0.73602595938097,38.4788740414353,3.26503415418061,0,0,0,0,0
Comamonas,62.8949795932982,3.49053316320631,0,15.9290922477095,0,50.6650835031789,272.325277818518,0,0,0
Lentinula,1.17046434898969,11.7912019080604,12.0433586248877,1.62017629080558,0,0,0,0,0,0
Dyadobacter,126.48471133729,28.7786015894482,13.8551494148238,49.0610159971481,208.139488989327,2.13191073445251,334.217174379686,4509.25190621605,0,0
Macrococcus,110.376234354509,0,0,0,208.073658489604,2.66794113096261,112.271347445009,0,0,1.81209731058315
Pleurocapsa,54.9320480777497,3.87173226918606,0,0,0,0,0,0,0,0
Atopobium,13.1054595989363,0.85172283147624,0.480385933600015,4.99072939070932,5.26477740587035,0,24.1383485999843,0,1.16348947090161,28.2458038076169
Subdoligranulum,23.4542970581999,0,0,0,15.9572687464238,0,0,242.322269044825,320.588642342429,0
Filifactor,0,0,0,0,0,0,0,0,133.260509494034,0
Rheinheimera,0,1.03178622878685,0,164.368803578041,0,0,0,0,0,52.0773470691285
Brassica,12.6123867340733,54.2119012634215,23.2404013644935,29.4686521932626,0,12.5343621607855,116.690588615287,2.34558212830101,0,0
Sutterella,0,0,0,0,0,26.1459706082596,4.56653653362408,0,0,0
Turicella,0,0.574433530873194,0.934036752613547,0,0,53.4882020168159,0,0,0,0
Humulus,470.991476481042,56.7389010528821,2.00026739198265,0.741121971580291,242.166015429593,221.351933203906,954.617025959713,0,0,0
Pediococcus,0,4.27682070083112,0.408648287236361,0,0,0,0,6.20322053825272,19.141944550373,1.83685969221614
Micromonospora,382.593548587342,52.0986982670796,102.054683447533,24.7929517493938,0,1.37982014130553,888.978265971556,918.789374816552,1.43326751405871,0
Dermatophagoides,0.882190586551927,0,0.489249908868566,6.17024287262063,0,0,59.2033137438015,0,0,0
Actinobacillus,23.0492330023553,10.1892380522464,0,322.165854094892,0,107.517926725523,0,0,0,207.948785739572
Cladosiphon,286.175413796548,19.7775140921343,548.893417908111,5.64603234933351,325.788723943036,3.5951947504641,5.59265222014806,0,0,0
Aggregatibacter,7.51418454445932,7.31567483362339,1.35384089536236,3.42017002285928,366.497730774228,0,4.65187690979647,0,0,0
Faecalibacterium,0,7.24275785699985,19.6825151572865,3.1087947606446,0,52.1466826216714,0.36091480309146,0,2138.27279505344,0
Potexvirus,0.45328204039498,0,0.705266352091976,0,0,0.137476448181288,1.00444596533993,0,0,0
Phialocephala,1.43424259320244,273.67359472427,0,503.456836397358,276.260420261902,367.223814665529,33.9116331182075,0,0,0.182570622661009
Lentivirus,3.21197202908935,0,0.941971162813418,19.6558654294796,3.36419783871769,1.00232935808395,4.52213508461019,36.3765616746639,5.31810231870332,122.788353414513
Elizabethkingia,52.441669147191,29.5586204711837,100.586390412263,62.8536948982785,0,180.54121977229,438.647165752454,0.289668360079297,2.82947633464742,0
Eucalyptus,11.4831411001832,72.9175269093038,0,7.77995042226407,8.25375516149316,19.4636833776717,0,2682.57892929022,0,0
Pedosphaera,1346.65629454619,0,0.238851822984066,2.67609337832689,0,8.67763557448025,30.628171631782,0,0,0
Vibrio,62.8834404067649,52.0938376727353,32.149704096826,0,44.2225398368274,0,0,0,0,0
Diaporthe,322.805027358592,29.5239898580973,0,20.4131390320161,3.86136901571642,175.301775205079,12.5821650516589,2.99077754532104,0,0
Thelohanellus,236.055486066974,6.33411858807773,55.7859973194747,0,11.480517927875,907.215882044135,0,8.38589704529901,0,0
Caldilinea,581.098210711084,0,0,268.727538590231,0,165.524918669344,0,0,0,0
Tobamovirus,3.05293142922662,0,0,0,0,0,0,0,0,0
Legionella,269.040344072796,0,415.528627338155,15.6220318518563,552.000365614324,0,30.3561909853692,0,0,0
Metrosideros,995.406722628471,43.7016160236759,50.8284559193295,32.1902711935583,0,0,0,12352.4887422044,0,0
Sneathia,1.1328769427892,22.381687146908,0,100.857763109332,0,0,20.5507408660867,0,0,7.53044519122613
Plicaturopsis,0,0,21.9057734776796,0,195.883866125118,0,0,0.301720548546278,0,0
Bromovirus,0.313033419690464,0.641878700568732,1.7708178287636,0,0,0,371.498939613878,0,0,0
Gelatoporia,42.4232269537236,29.5596309083176,3.07804078808165,54.5684307579887,27.5702907724454,493.194395590098,162.245338920535,0,1148.00338483677,0
Zoysia,4.93889793031641,4.88163718469873,0,0,0,0,36.9926334263768,0,0,0
Lysobacter,54.7899874254663,0.974467326002988,118.840239958848,15.1927517572517,96.5646311025459,0,59.0347548379304,138.628630920548,0,0
Pontibacter,4.20395614125764,0,0,1.6169890843706,0,0.168604561835434,0,1115.64209785116,0,51.1731289645292
Methanosarcina,0,0,0,0,0,0,0,0,0,0
Sporocytophaga,22.9266131795318,42.4859218104722,319.31931019174,33.5527851350007,0,58.928605276207,249.595094531055,0,11.111777875291,0.542881688698342
Rhizobium,58.9247276830876,186.192576457098,2.114046629252,105.896739806245,39.6134663884187,56.8125588162716,492.131543971475,0,0,12.0381946783023
Kingella,0,0,0,54.424353958885,0,41.0672073382866,0,0,0,857.955419914018
Serratia,9.95388514002779,0,0,70.744486652488,0,0,0.684607795338178,0,6.08368688621251,0
Pasteurella,24.7017564431347,395.537142817882,0,462.362420209437,0,5.60259638715967,0,519.725938442551,0,0
Leucobacter,2.80937531018647,0,13.8621367425359,33.3825267865093,0,251.923159453392,20.2767641151062,386.868750098373,96.117045806209,0
Kribbella,268.367218580437,0,0,0,0,0,0,0,0,0
Caulobacter,131.50904347938,214.438067861991,25.0067871787556,1194.78689315139,65.5702794731049,39.8915440151146,0,25.0312545436385,0,0
Trichoderma,335.336019219649,10.7249877369557,0,92.0492100668123,819.211690201966,38.615785942787,0.180391765573599,423.976177359676,0.720870931363746,0
Amanita,57.3280622324177,274.499197818626,1183.38133519057,388.299721772878,139.042745062455,0,269.802455587971,0,0,781.791875489416
Oribacterium,0,0,0,763.285239683109,0,0,0,0,0,0
Selenomonas,2.58941195999836,3.82453594691772,1113.39291725609,2.77852556114213,2.16608758789702,0,91.7834797119844,0,138.076936896673,0
Renibacterium,0,0,21.1463742704833,0,0,10.8440320146313,24.5484537323765,105.772006703949,0,0
Aeromicrobium,300.554648949933,3.25476473493868,0,33.2316264635186,0,36.4167413876789,0,10.3823877674625,545.341072190517,0
Candidatus Babela,208.919360286593,1.51668594728923,0.165905783675298,3.68443795287356,0,0,75.6731242507819,0,0,0
Fomitiporia,1.28038088370276,1020.95208139105,128.917725770974,25.2755015183502,2.11624441190561,392.980537242267,58.5503460230646,0,0,0
Fomitopsis,0,50.9885360153433,0,0,0,0,0.0950452212814931,0,0,0
Herbaspirillum,126.081600896624,0,0,0,203.651844256528,9.65264989103208,255.777832631726,96.4528955625718,295.140285803231,0
Endocarpon,65.4593714511777,4.50834331220484,0,11.3095993530133,0,0,0,0,0,0
Frankliniella,58.5213499277114,0,47.3715937293349,15.8812818750152,12.3159959463145,5.8152990985613,333.073818995254,0,0,0
Citrus,0.966443042545175,0.649168893290239,12.9863976517189,1.18178423419387,0,0,0,0,0,0
Haemonchus,0,0,0,0,0,1.45641978735478,0,0,0,3.41597639048845
Rathayibacter,28.681858271119,65.5781505334146,0,26.4707191135193,0,0,4.75516780378141,0,0,0
Actinoplanes,165.403805852737,0,0,52.9141119236911,28.5403056604128,6.5571652312947,0,0,0,0
Sphingopyxis,62.1972389307676,0,31.1605897843681,32.4665978147001,0,15.0878654137622,1742.8766645689,0,0,0
Stemphylium,4644.94629552185,0,0,0,0,0,0,0,0,0
Blattella,21.9345035436446,0,0,23.1406810807569,27.4214575050684,0.237881722111843,0,4.57562579573053,0,7.45234908485329
Rickettsiella,12.8287200456353,0,372.689138438331,0,0,0,0,0,0,0
Terrimonas,139.938078225514,3.71698284786848,0,8.52607377570864,7.70504898114688,0,251.60438143409,0,0,0
Gemmatimonas,93.4276753395269,56.7779971475122,664.317755809045,211.500081856173,66.6010251069824,6.80298140994997,151.724976143123,0,0,0
Candida,1.37889237531156,0.520553893913365,67.0898327209196,0.152504157590446,3.56218229073063,197.623363714036,0,0,1.50479828647041,919.095145972304
Rhagoletis,2.53847096364508,19.5757813695831,193.942954307879,8.35787358526234,2.11012854454468,140.048338114149,33.4730820799819,60.3121928511489,0,0
Janthinobacterium,25.9694342461185,0,71.3920783026017,323.014411474849,11.1949356774186,23.8643741151417,2.42165215944668,70.5452069108132,1.19231204289146,0
Coprinopsis,21.6613974379679,43.3481644822865,215.184565694681,42.4731002883403,18.9664903448203,0.908793302324294,10.1724775423001,0,0,17.8805058291876
Pirellula,272.099627735848,16.2085957507529,0,13.6099034181992,55.959216163084,0,46.4411538264616,329.200885272625,15.3373440463529,0
Fluviicola,124.673930419998,0,76.9010670754059,21.7230856795113,31.1209017172156,0,0,0,0,0
Chondromyces,22.423302250699,2.00078073511565,0,181.457375669511,100.723319177562,121.502754276036,545.348449562229,0,0,0
Helicobacter,1.10708327029182,0,1.56152141140774,170.546338615101,0,87.2134998921439,137.37093740253,0,0,0
Hydrocarboniphaga,147.230869390429,0.611903195623575,58.9248880331355,0,0,9.96956893437052,0,0,11.6241654967099,0
Tilletia,58.3157686092736,34.1568875435544,0,564.208719277287,0,3.40202685649309,0,0,0,0
Spizellomyces,1906.0151863784,0,4.42113173769809,0,0,0,0,0,0,0
Thauera,256.851935903229,0,1.4626503306771,0,1318.18961429467,0,0,0,0,0
Gloeocapsa,0.999886584660957,0,21.870308643259,0.304322732907571,0,0,0,0,0,0
Rufibacter,5.47280149370264,0,0,2.44870408419331,1.80821994834037,4.74888664911988,0,0,0,0
Scedosporium,17.1192604235441,0,0,29.0502976670521,0,115.471243616985,0,0,0,0
Geobacillus,8.78743564463392,0,0,19.0843202984609,0,0,0,91.1485591573252,0,0
Erysiphe,190.689251295973,0,0,17.318232934545,0,0,15.7408016481358,0,0,0
Stomatobaculum,0,80.0002684571232,0,3.28224133984728,549.700931390876,0,0,4.45332299565926,0,0
Alistipes,4.93514017739848,2.65379834751666,0,14.6583030232561,0,0,0,0,0,0
Orchesella,25.3944465388068,101.917923196803,0,34.3640182278378,7.35228073821583,235.154120109601,21.6124786270459,0,0,0
Zootermopsis,0,0,0,0,0,0,68.1283401877022,0,15.1405113495466,0
Pectobacterium,0,0,0,0,0,0,0,0,850.085155564785,0
Aminobacter,0,0,0,0,0,0,0,0,0,1168.46659119253
Fibrella,140.403277617922,211.847867301884,11.500644626003,5.22836440691094,0,0,93.3871955690553,0,0,0
Serinicoccus,20.2522993040259,88.8636162536258,0,39.8202220869374,249.273707312441,0,0,0,0,23.8561561419562
Marinobacter,1.71746140763571,0,0,0,9.22190138024705,0,0,0,95.1138042281491,0
Anoxybacillus,15.3494358840383,0,25.5265342560332,0,0,0,0,0,0,0
Synechococcus,2.23503386078237,0,0,39.9283365222193,0,0,0,0,0,0
Flectobacillus,62.8474117293226,0,0,5.97175956627524,61.0445408917308,0,0,0,0,3.01302750640236
Saccharopolyspora,0,0,0,0,0,0,0,14.5320075537551,0,0
Belnapia,22.568086925819,25.0636392107491,3.32374327872832,1.67298809088754,5.72248298100437,0,0,0,0,0
Verrucomicrobium,406.82594542894,8.03472106736175,0.16818979182749,9.21120946455986,0.720666916650853,238.551565524059,480.173898727422,7.80688556390988,0,0
Stagonosporopsis,378.771442235567,0,0,5.45301478620559,2370.30886065491,2.34293583999126,0,0,21.5364522407724,0
Belgica,0,0,0.127081393063443,0,41.2432567977719,97.924781642313,213.498162282047,0,0,0
Salinispora,46.0693011052452,0,8.86080630832799,0,0,0,0,0,0,0
Citricoccus,16.6754464542443,27.2933068447555,0,1.97298396202006,0,0,0,0,0,0
Chironomus,0,0,0,0,147.218765598526,1531.32033831426,0,0,0,2.32699168228129
Phoma,758.911590980329,0,0,0,671.798882940734,3324.30665412194,0,0,0,0
Rickettsia,67.0730176141831,16.0787650913531,0,0,3.78924798391805,1.61159672753405,15.479854943696,0,0,0
Gluconobacter,434.08406591521,0,0,4.08162728875639,9.07307478037104,318.203443813748,128.687717947729,0,0,0
Alishewanella,0,0,0,0,59.0475267400554,0,0,0,0,0
Chrysoporthe,235.194182036185,233.578346694861,0,248.558371680867,81.5734738304586,581.833939092502,0,0,5.01350118564314,10.4554122484019
Levyella,0,0,0,4.15515066133318,0,1.4826678968261,0,0,0,0
Ornithinimicrobium,0,0,0,134.591498626221,0,0,209.873595693287,31.1453470489395,0,0
Bordetella,14.2999025816674,0.679552372912678,0,6.75134461537122,0,0.26488652877953,0,21.7484990220875,0,0
Chenopodium,0,0,82.5333775920661,0,0,0,0,0,0,0
Holdemanella,8.66559378629678,0,0,21.4094306058592,0,0,0,0,0,0
Serendipita,27.2822255121824,498.917469859676,44.8347819761618,258.919532078439,344.47405566919,1.0549707154306,17.3597972138914,0.983723272592459,4.4598173964004,18.6541649401365
Blumeria,0.767089328589231,8.64095308684135,1.2373692280904,0,0,0,271.49444197053,2.32759225673825,0,0
Grifola,2.61935495356988,550.726721598021,200.760369261009,13.3656706741315,52.126416419714,1.31573767554463,200.682432351371,0,0,0
Neurospora,2.57878634608306,0,0,2.79946604801023,0,0,0,0.830716958866171,0,0
Tessaracoccus,0,0,0,14.2365327176628,0,0,184.586300348233,0,0,0
Aliterella,145.941543386316,141.980536310522,0,217.004533818136,2.43295918063497,0,0,0,0,217.213226361857
Physcomitrella,39.0936906849518,0,3.67623867301893,2.44415315628617,0,0,0,0,0,0
Curvularia,0,0,0.269747566411996,0,4.31142249383567,0,0.54542459946662,0,0,0
Roseomonas,28.5863320897411,20.1289377915621,0,0,348.966969564756,0,0,2171.65896754201,677.600103114754,0
Mannheimia,6.12789899838618,31.1231064792581,0,65.8803159315271,10.9656559996972,12.1644969725037,210.253521837728,0,0,0
Flavihumibacter,71.3325740356597,39.1983377590172,0,4.95931888802413,0,12.6971689530129,15.9721067088803,0,0,0
Geobacter,200.399055201626,0,0,266.054397107929,0,43.6312456069689,0,0,0,0
Leucoagaricus,32.6329366665802,282.698571810564,565.278923840001,182.362599315093,72.5351018110476,78.2766245913591,41.057347532898,0,0.446967691710462,0
Rosellinia,4.03376614722788,0,2.80614604820378,22.3681461937516,168.464620818646,0,1915.36521054141,0,0,0
Haliangium,247.031819759839,1.68339012851903,5.25818046496638,119.999435187406,27.6206362391831,37.3595554401249,0,0,0,0
Rhizomucor,7.11210172878693,0,3.66656522909793,0,0,0,1519.97319735525,0,0,0
Agrobacterium,1.00131063854937,0,0,0,0,0.885294705032305,3.37345201336474,0,0,657.545577782191
Fragaria,22.6207139245154,0.39314462964667,0,12.1998119106857,0,20.3012190030497,0,4.66013141084007,0,0
Sanguibacter,92.8637045680093,0,0,0,0,0,0,0,0,0
Arcticibacter,0.918874323079567,0,0,0,0,0,0,0,11.9303034469178,0
Pseudodiploria,27.0362057244381,0,0,0,0,0,0,0,0,0
Eremococcus,0,0,0,0,2.83657892301472,0,0,0,63.7985980770868,0
Janibacter,0.641357388580913,0,0,3.22647131598869,0,7.1069309209053,0,0,0,371.152859161812
Bacteriovorax,36.8147158231372,5.87372906942309,0,0,6.73179477625714,0,64.0063377019557,0,0,0
Wuchereria,0,0,0,0,0,0,0,0,0,139.569169324358
Streptobacillus,0,0,0,14.6234826364673,0,46.0745796867439,13.7663406535323,0,0,144.13508629071
Ephemera,0.706560881395775,4.21505140642191,0,6.3837489663876,0,4.17288099805181,6.34412357637315,28.4855034919487,0,952.906334017048
Mobiluncus,0,0,0,120.438732704271,0,0,0,0,0,0
Kibdelosporangium,0,0,0,0,0,0,0,0,0,0
Butyrivibrio,0,0,0,26.8929438791282,0,0,0,0,0,0
Dorea,0,0,0,0,0,0,2.83640419902549,0,0,0
Cytophaga,640.629826456243,49.1542449213034,0,21.9650399550816,0,4.53938729732072,0,6.83471916944526,5.54129975777995,0
Mixia,277.758428355282,361.640323575314,0.339062878807134,157.42876225223,1239.08226911869,67.9138475686682,0,7.59099546885467,0,0
Lonsdalea,14.4829277259299,16.4291740393483,14.3731516416298,0,0,0,0,0,44.6887777948237,0
Ralstonia,104.197392596942,0,0,0,40.6144364085158,8.04700182394683,0,0,0,0
Mucor,0,0,0,0,0,0,0,0,0,0
Anas,0,0,0,0,0,0,0,0,0,3.67093076160906
Enhydrobacter,10.1774797213432,0,0,2.25841644503454,0,0,0,0,4.77819359779322,0
Aureimonas,42.0356678441353,0,31.0574160413051,0,0,2.75323608105084,0,0,0,0
Burkholderia,4.03921100425641,0,0,131.487032434478,6.95257128107507,192.679008913395,0,0,0,0
Crepidotus,2.19173828809174,173.78421692233,0,0.924808696235579,0,0,0.590088951289793,0,0,0
Reyranella,18.2824718632512,0,0,25.3902179834586,0,0,181.808652913138,0,314.548838156211,0
Psychromonas,0,0.96677015109547,0,0,0,0,0,0,0,0
Nelumbo,0.196893480173844,0,0,0,0,0,0,0,0.329195537181107,0
Salinisphaera,0,0,0,0,0,0,0,0,0,0
Sorangium,78.6974360618317,42.6888737579129,0,127.758219304019,12.3918560344418,0,210.970830212163,0,19.6225661151096,185.840099975343
Agrococcus,0,0,0,0,0,15.2283938729517,3.70844687528438,0,0,0
Coprococcus,0,0,0,91.3927662920016,19.2626192041613,0,0,0,7.9984012890313,0
Nocardia,61.3182843648731,0,0,0,13.2639066906888,0,0,0,0,0
Acyrthosiphon,0,0,0,0,0,0.491323953460458,0.641004240464895,0,6.19616587450823,15.9695029545517
Kineosporia,0,0,0,0,0,0,0,0,0,0
Cellulosilyticum,0,0,0,0,29.6511544814126,431.394155382548,0,0,0,0
Tepidiphilus,0,0,3.0835494924785,0,0,0,0,0,0,0
Tannerella,0,27.5084134074426,0,22.3003144059367,0,0,0,0,0,0.282942933597725
Laccaria,2.94781132898539,585.119987121523,5.4321456450895,328.319929244037,17.7646390136079,0,0,0,0,0
Rhodopirellula,64.3791259011928,2.14641550144104,1.29472824370226,4.5268494473852,0,5.93614848690634,242.393677130012,0,270.761530514997,0
Megaselia,0,5.57739746669998,63.4349539209421,15.5637648244602,2.15962545271545,0,0,0,0,2.05122663730924
Myroides,12.9636557232815,13.5695848547663,0,12.7165037223769,60.3335698312456,305.496201565815,15.2001620605878,0,0,0
Sediminibacterium,15.0339383030888,0,0,0,0,0,0,0,5.62647914327817,29.4376505058179
Kurthia,0,0,0,5.45711348474333,0,64.0333168040347,0,0,9.14541651684313,162.003580549999
Scardovia,0,0,0,0,0,0,0,0,0,0
Apophysomyces,0.475184918312822,4.66916526098356,0,0,0,0,0,0,0,0
Panagrellus,4.28405753927274,0,49.0325160831003,0,0,0,150.286770133489,0,0,0
Venturia,5.14992002276216,0,0,18.3070045448989,0,72.0411083864767,47.2222725957009,0,0,0
Sphingobacterium,27.1341961578089,2.17801350681063,0,13.7155178681614,0,0,0,0,0.654981453607492,0
Cordyceps,10.1471544144622,27.9426778214216,0,28.548857466109,1.31308395799118,0,43.4926926256472,0,0,0
Daucus,1629.05133714984,0.430013816922982,0,1.78063736815685,111.326691219752,23.5457783509306,0,0,0,0
Taphrina,551.425803969686,4.00520638429775,4.12022033343102,12.5863072556661,52.1337343082403,34.2826921657936,0.751874384357357,0,0,0
Emticicia,19.2735418065508,0,0,0.180268896719866,0,82.1333550838283,0,0,0,0
Mycosphaerella,237.479887750972,9.55424979322096,0,14.5765915858991,0.51009679106745,113.12754355738,16.752429019662,0,0,0
Dehalobacter,24.2073828834531,0,0,0,0,0,0,0,0,0
Shigella,0,0,5.41414660443164,26.69514526735,0,0,1.97074144560462,53.2361627395672,0,519.789679725656
Riemerella,12.6901607455383,0,0,0,0,37.2513748705732,83.4849719319832,0,0,0
Alkalibacterium,0,0,0,0,0,0,0,0,0,0
Wasmannia,0,0,0,0,0,0,12.8534854168088,0,130.339379472359,0
Methylomonas,10.4161083215074,0,0,0,0,0,0,0,0,0
Chlamydomonas,74.4299668760581,74.2948598308378,0,0,0,27.3597807045444,0,0,0,0
Blattabacterium,1.32562268324925,0,0,0,0,0,0,0,0,0
Hordeum,2.86303979793557,2.71071598000305,51.4183246476249,17.8831789719959,0,195.848498610816,0.122031569201729,0,0,0
Catenibacterium,0,0,0,0,0,0,0,0,17.4495984270649,0
Tricholoma,22.3899961832386,79.5232634192913,184.278677464546,71.5361436172566,335.841339735416,105.435754031032,57.3527437140384,65.1444721936029,0,8.9819389977912
Lachnoanaerobaculum,0,0,0.793120118064143,0,0,0,19.3631110772956,0,27.1429337834305,0.0344322058269501
Methanobrevibacter,0,0,0,0,0,0,0,276.415157530994,0,0
Oidiodendron,0,7.46454528353265,0,0,0,0,23.8058830659466,0,0,0
Ilarvirus,0,0,0,0,0,0,0,0,0,0
Microvirga,13.2437613835723,3.6021357076622,0,4.70188160630765,0,0,0,0,0,0
Arenimonas,152.90017766985,8.96503041095667,0,0,0,0,30.1106594622606,7.80441333662717,0,0
Lasallia,50.1121451941906,0,16.9867896633451,11.1882865029788,0,0,0,0,0,0
Cyberlindnera,0,8.48053232734039,0,11.6273587018186,1.0975887773266,0,0,0,128.673628635659,1047.77548634069
Citrobacter,4.58905679285383,0,0,125.799566060064,203.1334140587,0,0,0,27.7873283280628,0
Populus,0,0,21.2029300775019,0,0,0,152.607121907013,11.2173968877619,0,0
Listeria,0,0,0,0,0,0,0.56350532575451,0,2.48474966249656,0
Photobacterium,280.961075400464,1.05548262630196,0,0,0,0,0,0,3.03502028957882,0
Chromobacterium,0,2.40183051722849,0,9.54374773197943,0,0,0,0,0,0
Solanum,0,0,7.77792082154499,15.5516998055814,333.225712696308,231.563654914974,27.1862522533522,0,0,0
Corallococcus,0,0,0,0,0,0,0,0,0,0
Clavibacter,0,0,0,0,0,0,0,0,0,95.5022910139659
Lactuca,0,0,2.12008864771199,0,0,0,0,0,7.80756559226336,0
Wickerhamomyces,0,0,0,0,0,0,0,0,0,0
Sphaerobacter,39.0667306036467,3.07550926603276,292.077972606905,0,0,0,137.831818496376,1312.43523887628,0,0
Globodera,453.711598906168,0,0,0,0,0.738050756584983,0,889.933330747602,0,0
Cupriavidus,0,0,0,4.33610049694045,0,0,5.18321279271027,0,0,0
Cellvibrio,17.009216693018,0,0,21.2300611603051,0,0,0,0,199.202546217906,0
Tulasnella,0,380.640044092927,73.2791003490231,43.9671710037113,65.4408439052029,157.956116698346,29.8174095172972,0,0,0
Dactylopius,0,0,75.3113329067495,0,0,0,5.93761183897976,122.778835082331,0,3.07105426143904
Pseudoglutamicibacter,0,0,0,0,6.57701605400052,0,0,18.8275329511699,0,0
Paraprevotella,0,0,0,0,0,0,0,0,0,0
Lachnoclostridium,23.8795724807819,0,0,35.1945882688454,0.300038770383546,37.4109807292921,0,0,0,0
Punctularia,6.09770300011933,39.5949302223208,0,313.217313118754,32.2208670164224,0,0,0,0,0
Opitutus,92.5751636852907,50.6061210265364,0,0.137705754964692,245.207554422425,749.86644721617,5.27733221112734,0,0,0
Chitinophaga,25.1011161173844,3.17739161429142,15.4113012536672,0,0,36.7954545255626,0,0,7.54119474617466,0
Omphalotus,23.045476273433,0,0,0,0,0,174.10620836034,0.69471025914302,0,0
Thioclava,22.4472802493038,0,12.0973636323866,0,0,0,0,0,0,0
Phycisphaera,106.665347215447,0,0,4.21887712695698,0.774590467192887,0,0,0,0,2.76744732721299
Mageeibacillus,0,180.008349734232,0,0,0,0.89582221357899,230.832842659905,0,0,0
Gilliamella,0.981092687131157,0,0,0,0,0,33.7160879042962,0,0,0
Agaricus,0,0,259.383679381635,0,56.0622858636183,5.85375192572241,21.6450489843744,0,0,0
Hebeloma,20.8696836713985,166.415663267791,88.3740381018409,14.7457069330811,12.7226815825545,7.87106981734136,0,79.4871672798539,0,0
Microcoleus,0,0,0,0,0,0,0,0,178.217659535114,0
Moritella,0,0,0,0,0,0,0,0,0,0
Paraphoma,3.09804268877174,0,0,64.4688645492681,1.7354160930004,4.42479814703276,0,0,0,0
Byssochlamys,5.48174456612082,0,0,0,0,0,0,0,0,0
Laetiporus,0,35.9638362525017,0,2.19445127750834,0,0,0,0,0,0
Thiothrix,0,0,0,0,0,1.27255588762598,0,0,0,0
Komagataeibacter,1.80650955926851,6.65029851736274,0,0,0,0,3.55238578964186,0,0,197.693085759204
Prorocentrum,59.6504641013002,3.87456678374709,25.6427351018565,52.1154089166986,0,0,111.67487148552,151.552023992947,0,0
Candidatus Arthromitus,0,0,0,0,0,0,0,0,0,0
Eutypa,0,0,0,0,0,190.962585851494,150.065302691948,60.0281350867919,0,0
Rhizoctonia,0,78.4914758536795,94.6640504625379,52.8808787099407,0,0,0.0801586238814273,0,203.254098981353,0
Algoriphagus,0.106417360137646,2.80895221915476,0,32.4986928298589,0,0,0,0,3716.76357373064,0
Phascolarctobacterium,0,0,0,0,0,0,0,39.2940595003571,0,0
Tepidimonas,0,0,38.9160744862852,0,0,0.469806132232085,0,0,0,0
Actinidia,0,4.45831126008003,161.436852610154,2.98200770004188,0,0,1.21647707437993,0,0,838.768039841832
Vitis,20.7902243056888,0,0,0,0,0,65.152625203122,0,0,0
Zavarzinella,189.962464517471,11.5232316548867,47.8322255353996,68.6688504020556,0,0,3.52845557222429,0,2.31603376257313,0
Ureaplasma,0.631504645097705,0,0,0,0,937.094065899093,0,0,0,0
Citrullus,0,0,0.10155745217802,0,11.7970516025143,0,0,0,0,0
Nevskia,12.663974506813,0,0,0,2.1830982369635,21.2396133072862,1.31697470079139,0,0,0
Leishmania,0,0,0,0,0,0,0,0,0,0
Thermoactinomyces,0,0,0,0,15.8536848318825,0,0,0,0,0.622153964863482
Mayetiola,17.116022938184,0,121.161026160814,0,0,0,21.7847602457359,104.865693741125,0,0
Gloeophyllum,0,152.439362457734,0,6.69284698923645,0,971.081663476646,0,0,0,0
Skermanella,18.2641966778428,18.8881206670625,2.38688387075882,3.14726184421873,0,36.7145851218959,0,0,0,0
Perlucidibaca,0,0,0,0,0,0,0,0,0,0
Trifolium,0,0,40.245734384681,0,0,0.238490992136263,3.06717925344919,0,0,0
Ottowia,0,0,0,194.486628140342,0,0,0.684076486267974,0,0.379907985246976,0
Rhodobacter,25.1781097275127,8.01973503655771,0,0,0.251393958637323,0,11.117771505487,0,4.38099070455809,0
Armillaria,0,0,0,0,0,0,0,0,0,0
Geminicoccus,10.3932957077147,0,0,3.08921733515949,0,0,0,0,0,0
Limnobacter,0.207390472459352,0,5.72446217603545,0,0,0,683.503298057743,0,0,0
Xeromyces,0,0,63.8131101982733,0,0,0,7.3364737260279,0,0,1.90528752757801
Acetobacter,108.948988736489,0,4.62330692118113,80.1384641113812,0,0,0,0,2787.84380326939,0
Brachyspira,0,0,0,0,0,0,0,0,0,0
Yaniella,0,7.99137694805109,0,14.0396372672067,0,0,0,0,0,0
Alcaligenes,0.446410251920655,0,0,0,1.45596724611292,0,0,0,52.1285506685918,0
Schlesneria,57.9576311628173,0,0,0,0,0,0,0,0,0
Terriglobus,22.6825377132337,0,0,0,0,0,94.2899468806658,0,0,0
Meyerozyma,0,0,0,1.9408860106025,31.8891937771983,0,14.3173484382188,0,0,0
Dianthus,0,243.374861460388,13.8202214812385,0,589.663243796717,0,23.5042577848322,0,0,0
Mycena,6.23833870413839,109.115507307215,107.366332395304,0,0,10.9073517866239,0,0,0,0
Aerococcus,64.4793187417975,1.53714485853224,0,0,0.894498669401375,0,0,0,0,0
Solimonas,39.9436081693685,0,0,0,0,0,0,0,42.9806652036622,0
Anaeromyxobacter,1.2994361204747,54.1436380176044,0,28.9166837593547,0,7.43956363783075,0,0,0,0
Exophiala,1.50708876174228,0,217.938054488535,0,0,589.154972779413,2.25654810516136,0,0,0.622150477528107
Thermocrinis,0,0,0,0,0,0,0,0,0,0
Actinobaculum,0,0,0,0,0,0,0,0,0,0
Linepithema,0,0,0,0,0,0,0.654832473600215,0,0,0
Gyrodactylus,0,0,0,38.1549772517736,0,0,0,0,0,0
Akkermansia,0,0,0,415.851165263169,4.80009369561002,0,4.99245458472186,0,344.403122496864,0
Alloiococcus,0,0,0,0,0,0,0,0,0,0
Nicotiana,0,0.944894509199973,0,0,0,0,0,0,0,0
Medicago,0,0,9.44758544213027,0,0,0.387105424306436,33.1981762825568,4.09944286333945,0,11.2298065130921
Blastopirellula,188.032298320349,0,0,0,0,0,0,60.7976147928206,42.0087185341333,130.438363100597
Jonesia,0,0,0,0,0,0,0,0,0,0
Pyrenochaeta,117.674614850571,46.1528741860999,0,0.669879980997937,1430.2990475629,1.76952388178148,0,0,0,0
Sedimentibacter,19.7527470484109,0,0,1.03725099480708,7.43290455171223,0,0,0,0,0
Sandaracinus,12.7118029452745,12.5930922186672,153.187543897641,147.986531227666,1.70480471136943,0,0,0,0,0
Coniosporium,26.557916686476,0,0,0.238316410322939,2.48908861945972,33.5322795141955,0,0,0,0
Yersinia,0,0,0,0,0,89.1993922676031,0,0,4.91890476691294,0
Haematobacter,0,0,0,0,0,0,0,0,0,0
Plesiocystis,45.9280139326064,4.37162622173667,0,136.211674848741,0,0,0,0,0,0
Nitrospira,61.264229942176,0,0,1.34453536574563,0,0,0,0,0,0
Kineosphaera,0,23.5491868751934,0,0.168665621599184,0,0,0,0,0,1.30203912576425
Arcanobacterium,0,0,0,0,0,0,0,0,0,0
Rosa,3.24269749791283,0,1.04566901792109,0,8.3421993243514,0,0.695511542129209,0,0.0973011703190017,0
Microcystis,0,0,0,0,0,0,0,0,0,0
Saccharibacillus,7.59636318892454,0,0,0,0.766762786981706,0,0,0,0,0
Schmidtea,6.13010557937444,0,0,0,0,0,0,0,0,0
Albugo,0,0,0,0,15.071105950079,0,0,0,0,0
Mentha,78.1635314096399,8.0804993018977,0.445861155892509,3.557193609805,236.722480518524,36.2260129541243,0,0,0,0
Cucumis,0,0,10.8156639960082,0,0,77.183965298898,0,0,2.07813313624959,58.1505870043418
Chaetomium,0.929892762462186,0,0,2.62806415192881,0,748.630509342002,0.220005663636788,300.198270095106,0,0
Glarea,0,3.4366545592476,0,30.4424008341013,0,0,0,0,0,0
Methylopila,38.0278269334018,0,0,0.696964213712169,0.398348079299299,0,0,0,0,0
Arsenicicoccus,0,0,0,0.370562453919515,0,0,0,0,0,0
Raoultella,0,0,0,0,160.893773188851,0,0,0,35.9802126088284,0
Spiroplasma,0,0,0,0,0,0,0,0,0,0
Chthonomonas,18.410794577043,60.6391913266737,1.00886406063842,18.0762043196237,0,0,0,0,0,0
Brachypodium,0,1.07978740071146,0,0,0,0,0,0,0,0
Trueperella,0,0,0,0,0,0,0,0,0,0
Patiria,0,0,0,0,0,0,0,0,0,0
Trichuris,0,0,0,0,0,0,0,0,0,0
Arabis,0,1.24567508570375,1.2302488136674,27.3204082505082,0,0,438.617127674134,0,3.77436091087393,0
Helcococcus,0,0.778597411430809,0,0,0,71.2649084917188,12.168078770208,0,0,0
Thermoanaerobacterium,0,0,0,0,0,0,0,0,0,0
Tolumonas,0,0,0,0,0,0,0,0,0,0
Leifsonia,0,6.86196409255728,0,0,75.112461289366,0,0,0,0,0
Blastocystis,22.762383267882,0,0,4.93838124636799,0,0,5.5279096416663,0,0,0
Succinatimonas,0,0,0,13.4498872864747,0,0,0,0,0,0
Sphaerotilus,0,0,0,0,0,0,0,0,0,0
Saccharothrix,0,0,0,0,0,0,0,0,0,0
Alligator,6.67969186932948,0,0,0,0,0,0,0,0,0
Paxillus,13.7172656009878,120.124457633278,227.439906974036,0,0,8.63201338012118,0,0,0,0
Desulfotomaculum,25.1752560460888,0.812424997804098,0,255.493663505739,0,0,0,0,0,0
Granulicella,0,0,0,3.58929149293748,0,0,23.4682343040549,0,0,0
Afipia,37.4904234695698,0,0,48.0415174405914,0,0,0,0,0,130.816397669518
Sanghuangporus,1.3624302973256,20.9279956536102,15.5009021403899,91.454450327912,29.8737976313812,1427.61533893857,0.223064240117965,0,0,0
Hyphomicrobium,43.1198073773443,0.518121277552451,0,0,33.6208742496738,60.47931937288,17.5945626429668,0,0,0
Ascochyta,103.928302900297,0,0.0738834227347465,0,523.057285895589,0.349113158287753,0,0,0,0
Microvirgula,0,0,0,0,0,0,0,0,0,0
Pyrus,2.58423067167082,0,0.391057063916754,0,0,0,405.073849081803,994.100014393142,0,0
Piloderma,47.8678985223913,22.2690866626062,6.53760070091862,32.1959586584532,23.6563679013958,14.1612191417201,0,0,0,0
Blastococcus,7.95437104160324,5.04651283241813,0,0,9.22615425937754,0,0,371.952167415426,0,0
Glycine,0,0,0,0,0,0,0,0,0,0
Teleopsis,21.2520576040683,2.65339166915451,0,11.3416976458563,0,0,0,0,0,0
Calocera,0,66.6830499280179,0,80.9328507497403,1.38112687742677,0,11.0094347572452,0,0,0
Clavispora,10.8334850305681,0.683404069497256,0,0,0,0,0,0,1678.10759085105,0
Athelia,6.43963773761228,106.415524472154,119.621812376616,34.9865550654683,98.8945178271997,55.4492224426712,111.122533168286,0,0,0
Necator,0,0,0,0,0,0,0,0,0,0
Candidatus Microthrix,11.5312283632646,16.8996959013918,379.42716067325,1.15857126515433,0,0,0.413159375237541,0,0,0
Paraphaeosphaeria,0,0,0,36.2423133538131,0,0,0,0,2.74111657853132,0.0773643813561787
Stigmatella,0,0,0,0,0,0,0,0,0,0
Debaryomyces,4.57363033739684,0,0.115662776264467,38.6161221725087,0,0,0,0,0,0
Orbilia,8.52586504429099,0,260.518547957371,0,0,0,0,0,0,0
Brucella,0,0,28.4647321037672,0,0,0,653.636442420284,0,0,86.5279699391224
Hymenoscyphus,2.70126824058221,37.9872947244995,12.5691525567225,0,0.387125943704564,145.684200049562,0,0,0,0
Dickeya,0,0,0,0,0,0,0,0,0,0
Aestuariimicrobium,0,0,0,0,0,0,0,0,0,0
Thalassiosira,21.4091512252809,0,0,2.18557517219162,0,1128.41462735401,9.01369772435677,0,0.57580226835488,0
Gimesia,5.24467145422235,30.3821861227436,0.785329863864561,0,0,0,493.234759811746,0,0,0
Coccomyxa,70.0760453546415,0,0,0.996736838133644,0,70.5888058485026,95.9468291646189,0,0,0
Hassallia,61.2179557605931,17.2316730914381,0,10.2413983701477,27.2923597005215,0,9.11393033431449,0,0,0
Marinomonas,0,0,0,0,0,0,0,15.205427770528,2.47886658748125,0
Pneumocystis,0,0.211459947207054,0,0,0,0,5.49241630014335,18.8222581576686,42.1067264678585,0
Propionimicrobium,0,0,0,0,0,0,0,0,0,0
Porphyrobacter,0.0777735837200404,0,0,0,0,0,0,0,0,0
Frondihabitans,81.4461518533825,0,0,0,0,0,0,0,0,0
Termitomyces,0.551531052108268,79.0833316370941,44.7873643242613,16.6747646692013,48.0264182229759,0,0,0,0,0
Nannochloropsis,1.15128410697764,0,0,0,0,0,0,0,0,0
Acanthamoeba,103.468536323248,0,0,0,0,0,0,0,1.42126701944376,0
Saccharomonospora,0,0,0,3.42768409106931,0,0,0,0,0,0
Collinsella,1.59107996922718,0,0,0,0,0,0,0,0,0
Kutzneria,0,0,0,0,0,0,0,0,0,0
Chondrus,0,0,0,0,0,0,0,0,0,0
Oikopleura,0.795217076013247,14.2823573486295,0,0,0,0,0,0,0,0
Beutenbergia,0,0,0,6.62866255829594,0,0,0,0,0,0
Gossypium,0,0,0,0,0,0,0,0,0,0
Cronartium,0,0,0,0,0,0,0,0,0,0
Syncephalastrum,17.6179088669046,0,0,0,0,0,0,0,0,0
Pandoraea,16.6933319250582,0,0,1.06410745123283,0,0,0,33.447352381332,0,0
Thermobifida,15.195445488099,0,0,0,0,0,0,0,0,0
Phalaenopsis,62.6435191093178,0,0,0,0,0,0,15.1369326837449,0,0
Cannabis,0,0,76.0511232708336,0,12.9373318785813,0,0,0,0,0
Beauveria,0,0,0,0,0,0,40.2274384316039,0.560355435658697,0,0
Lutzomyia,0,0,0,0,0,0,0.283946466316399,0,43.1187923231256,0
Hyaloperonospora,10.7728207419275,0,0,0,0,0.117033264532428,0,0,0,0
Drosophila,0,0,0,0,36.2079391601861,155.26208429955,1.61846773954613,0,0,0
Dactylosporangium,0,0,0,0,0,0,0,0,0,0
Nitrosomonas,30.7004242491653,0,0,0,0,0,0,0,0,0
Runella,0.400915966157642,11.8505499693759,0,0,0,0,0,0,0,0
Rouxiella,0,0,0,0,0,0,0,0,0,0
Ganoderma,0.820361950056797,24.3324426355533,0,0,0,0,0,0,0,0
Glonium,4.82820603647298,0,0,0,8.96387592850054,0,0,0,0,0
Exidia,0,278.075991963089,0,25.2015225704348,22.3579017760349,0,0,0,0,0
Azospira,0,0,0,0,0,0,0,0,0,0
Haloferula,7.92235667335408,0,0,0,28.3850103939256,0,499.497259503472,0,0,0
Erythrobasidium,15.6234379988636,0,0,0,0,4.53587998933641,0,0,0,0
Sinorhizobium,45.6909445148695,0,0,0,0,96.2603912475554,0,0,0,0
Thermoanaerobaculum,428.083452685966,0,95.773398402055,0,0,78.9444875937153,0,0,0,0
Hanseniaspora,1.84578623422863,0,0,0,0,0,0,0,0,0
Methylophilus,0,0,0,15.3268168472804,16.8230226963538,8.74935018105721,0,0,0,0
Acremonium,0,0,0,0,0,0,0,0,0,0
Georgenia,0,0,0,0,0,0,0,0,0,0
Luteibacter,0,0,0,0,0,0,0,0,0,0
Rubinisphaera,11.2082137858527,0,0,0,0,0,0,0,0,0
Cripavirus,0,0,0,0,0,0,0,0,0,0
Flammulina,0,1.14520950860743,0,0,0,0,0,0,0,0
Nematostella,9.9562201871022,0,0,0,0,1.4994489602275,134.85424040731,0,0,0
Promicromonospora,0,0,0,0,0,0,0,0,0,0
Catonella,0,0,0,0,0,0,0,0,0,0
Mogibacterium,0,0,0,0,0.831909000395341,0,0,0,0,0
Solibacillus,0,0,0,0,0,0,0,0,0,0
Iflavirus,0,0,0,0,0,0,0,0,0,0
Cronobacter,2.65344252413446,93.3178777644754,5.3507385042843,0,0,0,0,0,20.1482494679443,0
Erwinia,0,0,0,0,1.26308188456483,0,0,0,0,0
Phialophora,14.2519482954377,5.32866590738848,2.91307374462629,0,0,20.2342344863558,202.310070622657,0,0,0
Parastrongyloides,0,0,0,0,0,0,0,0,0,0
Propionicicella,5.49146920645305,0,0,0,0,0,0,0,0,0
Scleroderma,2.7371786141229,0,0,0,0,0.4713348918869,0,0,0,0
Azadirachta,0,0,0,0,0,0,0,0,0,0
Hydrogenobacter,0,0,0,0,0,0,0,0,0,0
Nonomuraea,0,0,0,0,0,0,24.4567279299144,0,0,0
Cokeromyces,0,0,0,26.8294303264056,0,0,0,0,0,0
Trichosporon,254.204840324436,13.6536432345778,0,21.4451630310315,0,0,0,0,0,0
Candidatus Cardinium,229.146503737787,0,0,9.24830363093679,0,0,0,0,0,0
Paludibacter,0,0,0,0,773.804145478772,25.8488879198981,0,0,0,0
Catellicoccus,0,0,0,0,4.67473447114196,0,0,0,0,0
Planomicrobium,1.60520806302029,13.9667782816621,0,0,0,1.7123060261387,0,0,0,0
Genlisea,4.29067135861717,3.51524080805227,0,0,303.033666583866,0,0,0,0,0
Cylindrobasidium,0,60.5857242014942,441.700384936969,50.5828624683092,0.295614373191193,76.0520953682123,2.49862053610182,0,0,0
Alfamovirus,0,0,0,0,0,0,0,0,0,0
Acholeplasma,0,3.54724774008056,0,0,0,0,0,0,0.253192863472993,0
Desulfosporosinus,0,0,0,0,0,0,0,0,25.7747260698814,0
Hyalella,7.01670425977256,0,0,0,0,0,0,0,0,0
Thermomonas,3.86461197015663,0,0.0673037511576663,0,0.121271093844831,0,0,0,310.756828561502,0
Pythium,2.86965285252376,0,0,21.1071548322425,0,0,0,0,0,0
Sporichthya,29.3167357245452,0,0,0,12.5991951264523,0,0,0,0,0
Valsa,11.4609778033231,45.5626388776174,0,14.8866015788463,0,0,0,0,0,0
Conexibacter,17.2032548974455,0,0,5.67357912246528,0,0,0,0,0,0
Spirillospora,0,0,0,0,0,0,0,0,0,0
Avibacterium,74.3249735698088,0,0,0,0,0,0.852368607668294,0,0,0
Amorphotheca,0,43.5025249685552,0.344036603374003,2.99361951079844,68.9848213157921,7.66203114875226,195.592404387302,0,52.2034948737698,0
Marinospirillum,0,13.4715500508329,0,12.9509517825222,0,0,85.5984793603558,0,0,0
Odoribacter,0,0,0,27.4469630280067,0,0,0,0,0,0
Chamaesiphon,23.5656406150926,0,0,0,0,0,0,0,0,0
Hortaea,396.982386784817,0,0,24.2229945880729,0,0,0,0,0,0
Mortierella,14.9378946150527,0,0,1.18019166663353,0,150.540662713071,0,0,0,0
Demetria,0,0,0,0,0,0,0,0,0,0
Microdochium,0.188854557021421,0,0,0.431330490911426,0,0,57.5970759632509,0,0,0
Selaginella,0,0,0,0,0,0,0,0,0,0
Daedalea,0,32.4680406372609,12.5567941250153,5.97130105467784,0,0,0.0800281229521291,0,0,0
Lysinibacillus,0,0,0,34.486245119285,6.80543987632356,0.292809833278173,8.57275511735386,0,0,0
Filobasidiella,0.122620341302306,0,0,10.7954323141283,0,0,0,0,0,0
Marinagarivorans,0,0,0,0,0,0,0,0,0,0
Trichomonas,0,0,0,0.23945495033992,0,0,0,0,0,0
Granulicatella,7.25468307637319,0,0,11.8838822152628,0,0,0,0,0,34.8197259334395
Nitrolancea,0,0,0,0,0,0,0,7.65883210599405,0,0
Tymovirus,0,0,0,0,0,0,0,0,0,0
Agreia,0,0,0,0,0,0,0,0,0,0
Oceanobacillus,0,0,0,0,0,0,0,0,0,0
Epilithonimonas,1.13118951462933,0,0,0.74498574665711,0,72.3073649717424,0,0,0,0
Aquincola,0,0,0,0,0.585956794150109,0,0,0,0,0
Solobacterium,0,1.06946022520958,0,4.39505763618724,0,0,0,0,0,0
Cesiribacter,0,0,0,0,0,0,0,0,0,0
Bryobacter,0,0,0,0,0,0,28.8411442951099,0,0,0
Actinomadura,0,0,0,0,0,0,0,0,0,0
Tetrasphaera,21.0454432554955,0,0,27.0880115654227,0,0,0,1.09018186918278,0,0
Balamuthia,18.2609539299229,0,0,5.56068213626125,0,0,0,0,0,0
Danio,0,0,0,0,0,0,0,0,0,0
Thermanaerothrix,33.7612677427425,0,0,4.60878841065209,0,0,0,0,0,0
Cardiobacterium,0.430465434315446,0,0,0,0,0,0,0,0,0
Thermobrachium,0,0,0,0,0,0,0,0,0,0
Acetobacterium,0,0,0,0,0,0,0,0,0,0
Hysterium,2.57800893896143,0,0,0,0,0,0,0,0,1.7845486359014
Halococcus,0,0,0,0,0,0,0,0,0,0
Flexibacter,0,1.3842239302152,7.94409551909726,0,0,0.598895680224465,98.2259763830363,0,0,0
Geodermatophilus,16.3205477374973,0,0,0,91.912518918067,0,0,0,2.47557163297408,0
Planctopirus,23.9312970930406,0,0,87.143609304068,0,0,0,0,0,0
Pseudoxanthomonas,0,0,118.614017980098,0,0,0,0,43.920686531379,0,0
Obba,0.165136860701092,3.57580596749028,133.448210588491,9.75543086430258,0,38.9560508615623,105.053708620263,0,0,0
Streptacidiphilus,3.90518123870392,0,0,0,0,0,0,0,0,0
Caloramator,0,0,0,0,0,0,0,0,0,0
Magnetospirillum,0,0,34.5674820855467,0,0,0,0,0,0,0
Laurentiella,11.6455535362266,0,0,19.9067042094323,0,0,0,0,0,0
Clupea,0,0,0,0,0,0,0,0,0,0
Helminthosporium,0,0,0,0,248.999865561765,0,0,0,0,172.613722704021
Cryptosporangium,0,0,30.3139973280552,0,0,0,0,0,0,0
Alicyclobacillus,0,0,0,0,0,0,0,0,0,0
Leucothrix,0,0,0,0,0,0,0,0,0,0
Oscillibacter,0,0,0,1.8072760634402,0,0,0,0,0,0
Phoebis,0.849396646532117,0,0,0,0,0,0,0,0,0
Wickerhamiella,0,0,0,0.859022615818166,0,390.651493720115,0,0.776084405067243,0,0
Caldicellulosiruptor,0,0,0,0,0,0,0,0,0,0
Hypholoma,8.23992136449306,17.4271280231294,0,0,0,0,0,0,0,0
Reticulomyxa,0,5.46214565336901,0,0.781183443650411,0,0,0,0,37.2939453012933,0
Niastella,3.11333540262074,0,0,0.284068329070095,3.91239291769141,0,0,0,0,0
Sfi21dtunalikevirus,0,0,0,0,0,0,0,0,0,0
Phycicoccus,56.1862521979273,0,0,0,0,0,0,0,0,0
Homalodisca,0,0,0,0,0,0,0,0,0,0
Polaromonas,0,0,0,0,57.1165032441991,0,23.1404169400732,2.35284542553179,0,0
Hevea,0,3.92823947614939,0,0,0,0,0,0,0,0
Actinokineospora,0,0,0,0,0,0,0,0,0,0
Cohnella,10.9327729441888,0,0,0,0,0,0,0,0,0
Malus,0,0,0,0,0,0,0,0,0,0
Eragrostis,0,0,0,0,0,0,0,0,0,0
Dichomitus,9.25808546771704,1.26633559420437,0,5.23132848044336,0,0,0,0,0,0
Tribolium,0,0,0,0,81.1138893977614,0,0,0,0,0
Methylobacter,0,0,0,7.72577155474069,0,0,0,0,0,0
Spirochaeta,0,0,0,0,0,0,0,0,30.7326971073031,0
Desulfovibrio,7.67504220514538,0,0,0,0,0,0,0,0,0
Pisolithus,0,0,0,0,0.315176004744777,0,0,0,0,0.0977342442940722
Coxiella,7.84704622689745,47.0212007483877,0,0,0,0,0,0,0,0
Absidia,0,0,0,0,0,0,0,0,0,0
Zymoseptoria,32.8807631844576,25.5868272170063,0,0,0,0.587300949706379,0,0,0,0
Idiomarina,0,0,0,0,1.07360342893791,0,0,0,0,0
Paenirhodobacter,7.86312013276337,0,0,0,0,0,0,28.210190004222,0,0
Kallipyga,0,0,0,0,0,0,0,0,0,0
Rhodanobacter,13.209932948715,0,0,0,0,0,0,0,0,0
Scytonema,7.81541554592667,0,0,0,0,0,0,0,0,0
Thermicanus,0,0,0,0,0,0,0,0,0,0
Candidatus Blochmannia,0,0,0,0,0,0,0,0,0,0
Coraliomargarita,0,0,0,0,0,0,0,0,0,0
Fervidobacterium,0,0,0,0,0,0,0,0,0,0
Biatriospora,5.16897233012885,0,0,0,0,0,0,157.502882040048,0,0
Arachis,4.95212065641857,0,0,0,0,0,0,0,0,0
Oscillatoria,0,0,0,0,0,0,0,0,0,0
Sorghum,0,0,0,0,0,0,0,0,0,0
Hypsizygus,10.5170833392387,7.22837835989213,0.360960821407397,13.2331998132668,197.996027202919,20.860591445125,0,0,0,0
Pichia,0,3.46703161805916,0,0,0,0,0,0,0,0
Phlebotomus,0,0,0,13.6158163604513,0,0,0,0,0,1153.70270092882
Tumebacillus,0,0,0,0,0,0,0,0,0,0
Elaeophora,0,0,1.23885032318871,1.6845930958971,0,0,0,29.3513746271923,0,0
Zizania,1.43877739030684,0,0,0,0,0,16.5013161989908,0,0,0
Biomphalaria,0,0,0.751475033402458,0,0,2.17371767473078,0,0,0,0
Numida,0,0,0,0,0,0,0,0,0,0
Rhizopus,0,0,0,0,11.8506293614858,0,0,0,0,0
Rhodothermus,0,0,0,0,0,0,0,0,0,0
Planococcus,0,47.2081479031167,0,20.1179213187985,1.7131388154971,0,0,0,0,0
Wohlfahrtiimonas,0,0,0,15.2068646686509,170.028249904565,305.51451653097,0,0,0,0
Simonsiella,0,0,0,0,0,0,0,0,0,0
Morganella,0,0,0,9.34390787409601,0,0,0,0,0,0
Alteromonas,0,0,0,0,0,0,0,18.5211955966151,0,0
Clavaria,10.3265426113685,2.13041577246035,3.83394979729171,0,16.370757597942,4.91139272775745,14.0682312701411,0,0,0
Cucumovirus,0,0,0,0,0,0,0,0,0,0
Methanosaeta,0,0,0,0,0,0,0,0,0,0
Tetranychus,0,0,0,2.41182353633017,0,2.35087134936794,0,0,0,0
Chroococcidiopsis,0,0,0,0,0,0,0,0,0,0
Locusta,0,0,0,0,0,0,0,0,0,0
Parasitella,0,0,0,0.702652634598291,0,0,0,0,0,0
Psychrilyobacter,0,0,0,0,0,0,0,0,0,0
Sporisorium,0,22.5172015202496,0,0.416539485836762,0,0,0,0,0,0
Plantibacter,0,0,0,0,0,0,0,0,0,0
Xylella,0,0,0,0,0,0,0,0,0,0
Edwardsiella,0,0,0,0,0,0,0,0,0,0
Flaviflexus,0,104.686763516638,0,0,0,0,0,0,0,0
Glycomyces,0,0,0,0,4.21480892433022,0,0,0,0,0
Gregarina,0,0,0,0,0,0,0,0,0,0
Methyloversatilis,1.38887445333292,0,0,0,0,5.23426224730059,0,0,0,0
Ehrlichia,0,26.6753334307321,0,0,0,0,0,0,0,0
Daldinia,0,0,121.090367058183,0,0,0,0.14357009820169,0,0,0
Tatumella,0,0,0,0,0,0,0,0,0,0
Niabella,4.24284244056279,0,0,0,0,16.5650334317563,0,0,0,0
Leptospira,0,0,0,0,0,0,0,0,0,71.4374812812113
Ilyobacter,0,0,0,0,0,0,0,0,0,0
Plasmodiophora,0,0,0,0,0,0,0,0,0,0
Turneriella,0,0,0,0,286.086309008914,0,0,0,0,0
Meloidogyne,0,0,0,0,0,3.20946275476192,12.5377653972488,0,0,0
Pyrenophora,15.8618203475189,3.20554482424275,0,0,0,0,0,0,0,18.7773988151367
Halalkalicoccus,0,0,0,0,0,0,0,0,0,0
Necropsobacter,0,0,0,29.8881554112063,0,25.132654004443,626.583521984017,0,0,0
Leptosphaeria,0,0,0,0,0,0,0,0,0,0
Conyza,0,0,0,0,0,0,0,0,0,0
Dermatophilus,0,0,0,0,0,0,0,0,0,0
Jonquetella,0,0,0,0,0,0,0,0,0,0
Heliconius,17.3446688511143,0,0,0,0,0,0,0,0,0
Allobaculum,0,0,0,25.4218517556166,0,0,0,0,0,0
Mucilaginibacter,0,0,0,0,6.78265301124258,0,16.6823716755146,0,0.203426370770325,0
Meira,0.867280860034912,1.74030306186308,0,0,0,0,0,0,0,0
Verticillium,7.26168360313503,0,0,0,0,0,0,0,0,0
Phlebopus,0.839672628374455,40.2933186617183,3.26893436408887,13.7863023714227,0,15.1655280094161,153.026267003749,0,0,0
Thioalkalivibrio,86.9020974455602,2.15715219099442,0,0.306147651857221,0,0,29.512192901655,0,0,0
Cladonia,0,0,0,0,0,0,0,0,0,0
Beverwykella,1.28621754220298,0,0,0,3.51472288242405,0,0,0,0,0
Phaeoacremonium,4.60396024577729,0,0,0,0,2.54724490696781,0,0,0,0
Chlorella,0,0,0,47.2234641698365,0,0,0,0,0,0
Tuber,0,0.967574939986963,0.337585948125949,0,0,0,0,0,0,0
Tremella,0,2.20738484788557,0,0,0,0,0,0,0,0
Fischerella,0,0,0,0,0,0,0,0,0,0
Glossina,0,0,0,0,0,0,0,0,0,0
Moesziomyces,1.59509894472951,0,0,0,0,0,0,0,0,0
Roseiflexus,17.8950427233375,0,0,0.454327588029313,0,0,0,0,0,0
Platynothrus,0,0,0,0,0,0,0,0,0,0
Dermabacter,0,0,0,0,0,0,0,0,0,0
Tolypothrix,0,0,0,0,0,0,0,0,0,786.596917152251
Vitreoscilla,0,0,0,0,0,0,0,0,0,0
Leucosporidium,2.65370570397636,0,0,0,0,0,0,1.27256446490056,0,0
Rubritalea,0,0,0,0,0,0,0,0,0,0
Gallibacterium,0,0,0,0,0,0,0,0,0,0
Sclerotinia,23.8695970133654,0,0,0,0,94.7847484492551,0,0.394148438702921,0,0
Zymobacter,0,0,0,0,0,0,5.29235183519538,0,1549.86070135035,0
Gillisia,0,0,0,0,0,0,0,24.3279573702823,0,0
Pleomorphomonas,0,0,0,0,0,0,0,0,0,0
Ramlibacter,0,0,0,0,0,0,0,0,0,0
Cystobasidium,0,0,0,1.28170589302445,0,0,0,2.48323489436464,0,0
Sulfurospirillum,0,0,0,0,0,0,0,0,0,0
Halobacteriovorax,0.698521997129263,0,0,0,0,0,0,0,0,0
Pestalotiopsis,23.9309025565932,0,0,0,0,52.2440274619278,0,0,0,0
Olsenella,0,0,0,0,1.36904965183561,0,0,0,0,0
Acidaminococcus,5.78026096810386,0,0,0,37.6026629771857,0,0,0,0,0
Pseudolabrys,28.630401310582,0,0,0,299.77101412228,0,0,0,0,0
Marvinbryantia,0,0,0,0,0,0,0,0,0,0
Onthophagus,0,0,0,0,0,0,0,0,0,1.76081312800971
Rudanella,25.017640977779,0,0,0,0,0,0,0,0,0
Spinacia,0,18.4931509472425,0,0,0,40.3114595686309,0,33.2341032812031,0,0
Achipteria,0,0,0,0,0,0,2.37073568716241,0,0,0
Hypothenemus,0,7.06916653577933,0,0,0,0,0,0,0,0
Passalora,2.4924585101634,0,0,23.2203425998027,0,0,0,0,0,0
Proteus,0,0,0,0,0,0,0,0,11.7580553888943,0
Sarocladium,0,0,0,0,0,0,0,0,0,0
Candidatus Nitrosopelagicus,0,1.59487392352517,0,0,0,0,0,0,0,0
Thermomonospora,0,0,0,0,0,0,0,0,0,0
Herbinix,0,0,0,0,0,0,0,0,0,0
Agromyces,31.6911114514103,0,0,6.22896750114624,0,0,0,0,0,0
Monoraphidium,0,0,0,0,0,0,103.378086977136,0,0,0
Dysgonomonas,0,0,0,112.571605579428,0,0,0,104.119158346987,0,0
Trebouxia,6.60684528600659,0,0,0,0,0,0,0,0,0
Ureibacillus,10.2767678942033,0,2.77632258844924,0,0,0,0,0,0,0
Plutella,0,0,0,0,0,0,0,0,0,0
Actinoalloteichus,0,0,0,0,0,0,0,0,0,0
Baudoinia,49.1819784545654,0,0,0,0,0,0,0,0,0
Gottschalkia,0,0,0,0,0,0,0,0,0,0
Youngiibacter,0,0,0,0,9.66209726427423,0,0,0,0,0
Salinibacter,0,0,0,0,0,0,0,0,0,0
Ardenticatena,11.7071238406567,0,0,0,0,0,0,0,0,0
Neochlamydia,0,0,0,0,0,0,0,0,0,0
Phormia,0,0,0,0,0,0,0,0,0,0
Sesamum,0,0.15798943945517,0,0,0,0,0,0,0,0
Atule,4.05696641466184,0,0,0,0,0,0,0,0,0
Vulgatibacter,1.78097353185178,0,0,0,0,0,0,0,0,0
Drechslerella,0,0,0,5.49467351474535,0,886.640317507441,0,0,0,0
Dothistroma,0,0,0,0,0,0,0,0,0,0
Aphanomyces,0,0,0,0,0,0,0,0,0,0
Phoenix,0,0,0,0,0,0,0,0,0,0
Rasamsonia,0,0,0,0,0,0,0,0,0,0
Rattus,0,0,0,0,0,0,0,11.1546717397653,0,0
Ferrimicrobium,0,12.2957530144996,0,0,0,0,0,0,0,0
Trichinella,0,0,0,0,0,0,0,0,0,0
Steinernema,0,0,0,0,0,0.818770047591993,0,0,0,89.6904561265044
Derxia,0,0,0,0,0,0,0,0,0,0
Parastagonospora,0,1.12982386840968,0,0,0,0,0,0,0,0
Thermocrispum,0,0,0,0,0,0,0,0,0,0
Fenollaria,0,0,0,0,0,0,0.133731840917138,0,0,0
Rudaea,0,0,0,0,0,0,0,0,0,0
Plesiomonas,79.2134527674732,0,0,0,0,0,0,0,0,0
Bipolaris,1.68453830158337,0,0,0,0,0,0,0,0,0
Cryomyces,32.7774527696787,0,0,2.12457667303114,0,0,0,0,0,0
Pseudohongiella,0,0,0,0,0,0,0,0,0,0
Glutamicibacter,0,0,0,0,0,0,0,0,0,0
Apis,0,0,0,0,0,305.33232297408,0,49.3471636042212,0,0
Thermobacillus,0,0,0,0,0,0,0,0,0,0
Halobacillus,0,0,0,0,0,0,0,0,0,0
Bilophila,0,0,0,0,0,0,0,0,0,0
Lecanosticta,0,0,0,0,0,3.17192947826502,0,0,0,0
Hydrogenophaga,0,2.42188031951848,0,0,0,0,0,0,0,0
Rhizobacter,74.7754011899475,11.9815956608959,0,0,209.192161822887,6.70196953622425,0,0,0,0
Parachlorella,0,0,0,0,2.46442587337847,0,0,45.21867034137,0,0
Prunus,4.12631467889933,0,144.114894120413,5.55885717178821,0,11.0368968299523,0.222396129065139,0,0,0
Brevibacillus,0,0,0,0,0,0,0,0,0,0
Saccharomyces,0,0,0,0,0,0,0,0,0,0
Anaerolinea,0,0,0,0,0,0,0,0,0,0
Commensalibacter,0,0,0,0,0,0,0,0,0,0
Cetobacterium,0,0,0,0,0,0,0,0,0,0
Suillus,0,0,0,0,0,0,0,0,0,0
Crinalium,63.4677712447415,0,0,0.271322280257039,0,0,0,0,0,0
Psychrobacillus,0,0,0,0,0,0,0,0,0,0
Stagonospora,26.5929040640464,0,0,0,0,0,0,0,0,0
Salmo,0,0,0,0,0,0,0,0,0,0
Pseudocercospora,4.85814497294784,0,0,0,0,0,0,0,0,0
Rivularia,0,0,0,0,0,0,0,0,0,0
Hypoxylon,0,0,0,0,0,0,0,0,0,0
Neonectria,0.538180793181811,0,0,0,0,0,0,0,0,0
Jaapia,0,103.104043134849,0,0,0,0,1.28160929457898,0,0,0
Metarhizium,8.47064801064339,0,0,0,0,0,0,0,0,0
Ophiostoma,6.12466155191199,1.48346977604892,0,0,0,0,0,0,0,0
Sulfuricurvum,0,0,0,0,0.306673750323615,0,0,0,0,0
Dioszegia,3.35455652643436,0,0,0,0,0,0,0,0,0
Chitinivibrio,0,0,0,0,0,0,0,0,0,0
Elusimicrobium,0,0,0,0,0,0,0,0,0,0
Phenylobacterium,3.09713555825285,0,220.373295772368,0,0,0,45.1632681486502,0,0,0
Luteimonas,0,0,0,0,0,0,0,0,0,0
Bulleromyces,17.5586693709847,4.31308823584777,0,0,0,0,0,0,0,0
Kaistia,0,0,0,0,0,0,0,50.4488989349154,0,0
Elstera,0,0,0,0,0,0,0,0,0,0
Cajanus,0,0,0,0,0,0,0,0,0,0
Actinotignum,0,0,0,0,0,0,0,0,0,0
Dehalococcoides,18.4452721084795,0,0,48.8857512819811,0,0,0,0,0,0
Altererythrobacter,0,0,0,0.397873165505578,0,0,0,0,0,0
Epichloe,0,0,0,26.5795132813187,0,0,0,0,0,0
Diuraphis,0,0,0,0,0,0,0,0,0,0
Shinella,0,0,0,0,0,0,0,0,0,0
Anoplophora,0,0,0,0,0,0,0,0,0,0
Asticcacaulis,4.49910008488543,0,0,0,0,0,0,0,0,0
Nodosilinea,0,0,0,0,0,0,179.864232030739,0,0,0
Endornavirus,0,0,0,0,0,0,0,0,0,0
Salinimicrobium,0,0,0,0,0,0,0,0,0,0
Daphnia,0.9924976135777,0,0,0,0,0,15.2746037680333,35.2487543921446,131.408390167441,0
Nitrosospira,0,0,0,0,0,0,0,0,11.4887445995188,0
Primula,0,0,0,0,0,0,0,0,0,0
Tyzzerella,0,2.31230442198368,0,0,0,0,0,0,0,0
Haliscomenobacter,0,0,0,0,0,0,0,0,0,0
Acidisphaera,18.0950388714199,0,0,0,0,0,24.2088068719128,0,0,451.058254133606
Alcanivorax,0,0.792984159801297,0,0,0,0,0,0,0,0
Oscheius,0,0,0,0,0,0,0,0,0,0
Oceanimonas,0,0,0,0,34.299189233886,1.24844771514051,0,0,0,0
Limnephilus,18.3492258410113,0,0,0,0,0,0,0,0,0
Gongylonema,0,0,0,0,0,0,0,0,0,0
Methylibium,0,0,0,0,0,0,0,0,0,0
Kwoniella,0,22.0920456645308,0,0,0,0,0,0,0,0
Cercospora,0,0,0,0,45.3248884784957,0,0,0,0,0
Ensifer,0,0,0,0,27.046752248302,0,0,0,0,0
Microbispora,0,0,0,0,0,0,0,0,0,0
Succinispira,0,0,0,0,0,0,0,0,0,0
Jatropha,0.764109799397064,0,0,0,0,0,0,0,0,0
Ixodes,0,0,0,0,0,0,0,0,0,0
Thermogemmatispora,0,0,0,0,0,0,0,0,0,0
Macrostomum,0,0,0,2.34104515596505,0,0,6.55057088869866,0,0,0
Pseudovibrio,0,0,0,0,0,0,1.32694426990029,0,0,0
Heterococcus,21.4545253406187,0,0,7.69185945065553,0,0,0,4.79167916213349,0,0
Wolfiporia,0,3.38338370428064,0,0,0,0,0,0,0,0
Galerina,0,0,0,0,0,0,0,0,0,0
Claviceps,0,0,0,0,0,0,0,0,0,0
Candidatus Pelagibacter,0,0,0,0,0,0,0,0,0,0
Bhargavaea,0,0,0,0,0,0,0,0,0,0
Pelagibacterium,0,0,0,0,0,0,0,0,0,0
Fervidicella,0,0,0,0,0,0,0,0,0,0
Sunxiuqinia,0,0,0,0,0,0,0,0,0,0
Sporosarcina,0,0,0,0,0,0,0,0,0,0
Lasius,0,1.35383911376779,69.4729535706364,12.705352722149,0,0,0,195.924297499663,0,0
Polistes,0,0,0,0,0,0,0,0,0,0
Geotrichum,19.2500808479732,0,0,0,0,0,0,0,13.3176861313555,54.3633105730794
Candidatus Koribacter,17.2163484964011,0,0,0,0,0,0,0,0,0
Xanthophyllomyces,0,0,0,0,0,0,0,0,0,0
Polycyclovorans,0,0,0,0,0,0,0,0,0,0
Francisella,0,0,0,0,0,0,0,0,0,0
Brachymonas,0,0,0,0,0,0,0,0,0,0
Aquitalea,0,0,0,0,0,0,0,0,0,0
Romanomermis,0,0,0,0,0,0.466754609494446,0,0,0,0
Cryptosporidium,0.378616322333549,0,0,11.8472265074294,0,0,0,0,0,0
Sobemovirus,0,0,0,0,0,0,0,0,0,0
Catabacter,0,0,0,0,0,0,0,0,0,0
Fistulina,0.733519005443425,0,0,0,18.6176309753869,0,3.66883489146524,0,0,0
Phyllosticta,0,0,7.70215682864153,0,0,0,0.118313681873001,0,0,0
Piriformospora,0,58.7816145847206,0,2.9271494641881,0,0,0,0,0,0
Hyalangium,0,0,0,0,0,0,0,0,0,0
Hungatella,0,0,0,0,0,0,0,0,0,0
Coelastrella,0,0,0,0,0,0,0,0,0,0
Allofustis,0,0,0,0,0,0,0,0,0,0
Nitriliruptor,0,0,0,0,0,0,0,0,0,0
Dechloromonas,0,0,0,0,0,0,0,0,0,0
Sporolactobacillus,0,0,0,0,0,0,0,0,0,0
Vigna,0,0,0,0,0,0,0,0,0,0
Butyricicoccus,0,0,0,0,0,0,0,0,0,0
Leclercia,0,0,0,17.0494201539964,5.04297595986939,0,0,0,9.39990219343063,0
Simiduia,0,0,0,0,0,0,0,0,0,0
Gyalolechia,1.29269922722371,0,0,0,0,0,0,0,0,0
Hammondia,0,0.950969446997066,0,0,0,0,0,0,0,0
Volvariella,0,15.4285825809059,0,0,0,0,0,0,0,0
Sporothrix,0,0,0,3.62320944677842,0,0,0,0,0,0
Prochlorococcus,0,0,0,0,0,0,0,0,0,0
Anaplasma,0,0,0,0,0,0,0,0,0,0
Candidatus Portiera,0,0,0,0,0,0,0,156.57791687725,0,0.295838352529031
Knoellia,0,0,0,0,0,0,0,0,0,0
Colwellia,0,0,0,0,0,0,0,0,0,0
T4likevirus,0,0,0,0,0,0,0,0,0,0
Luteipulveratus,0,0,0,0,0,0,0,0,0,0
Rutstroemia,0,0,0,0,141.001828124017,0,0,0,0,0
Anaeroglobus,0,0,0,0,0,0,0,0,0,0
Bosea,6.49770604175743,0,0,20.7950881835221,0,0,2.36236076310564,0,0,0
Candidatus Regiella,0,0,0,0,0,0,0,0,0,0
Vagococcus,0,0,0,0,0,0.965402162594807,0,0,0,0
Desulfotalea,0,0,0,0,0,0,0,0,0,0
Angustibacter,0,0,0,0,0,0,0,0,0,0
Lymnaea,0,0,0,0,0,0,0,0,0,0
Cobetia,0,0,0,0,0,0,0,0,0,0
Hoeflea,0,0,0,0,0,0,0,0,0,0
Tipula,0,0,0,0,0,0,0,0,0,0
Catharanthus,0,0,0,0,0,0,0,0,0,0
Marssonina,0,0,0,0,8.56808002231354,0,0,0,0,0
Marinococcus,0,0,0,0,0,0,0,0,0,0
Fagopyrum,0,0,0,0,0,0,0,0,0,0
Desulfobacter,0,0,0,0,0,0,0,0,0,0
Stegodyphus,7.91029905986267,1.25195636041065,0,0,0,0,0,0,0,0
Faecalitalea,0,0,0,0,0,0,0,0,0,0
Pusillimonas,0,0,0,0,0,0,0,0,0,0
Parascaris,0,0,0,0,0,0.722638132273747,0,0,0,0
Alloascoidea,0,0,0,0,0,0,0,0,0,0
Cyanothece,0,0,0,0,0,0,0,0,0,0
Pimelobacter,0,0,0,0,0,0,0,0,0,0
Dictyostelium,1.88713152296675,0,0,0,0,0,0,0,0,0
Kuraishia,0,0,0,0,0,0,0,0,0,0
Azoarcus,0,0,0,0,0,0,0,0,0,0
Paraburkholderia,0,0,0,0,0,0,0,0,0,0
Thermobaculum,22.073195120647,0,0,0,0,0,0,0,0,0
Setaria,0,0,0,0,0,0.163572522427879,0,0,0,0
Niveispirillum,0,0,0,0,0,0,0,0,0,0
Xylaria,5.36392069817627,0,0,0,0,0,0,0,0,0
Kandleria,0,0,0,0,0,0,0,0,0,0
Pseudacidovorax,0,0,0,0,0,0,0,0,0,0
Coboldia,0,0,0,0,0,0,0,0,0,0
Caenorhabditis,10.2438468231803,0,0,0,0,0,0,0,0,0
Timonella,0,0,0,0,0,0,0,0,0,0
Chaoborus,0,0,0,0,0,0,0,0,0,0
Uromyces,0,0,0,0,0,0,0,0,0,0
Allomyces,1.98758926735535,0.5203498863198,0,0,0,0,0,0,0,0
Neosynechococcus,0,0,0,0,0,0,0,0,0,0
Sphaerochaeta,0,0,0,0,0,0,0,0,0,0
Gerris,0,0,0,0,0,0,0,0,0,0
Cicer,0,0,0,0,0,0,0,0,0,0
Ananas,0,0,0,0,0,0,0,0,0,0
Pelomonas,0,0,0,0,0,0,0,0,0,0
Holtermannia,0,0,0,0,0,0,0,0,0,0
Neolentinus,18.1293893496251,3.45751688781001,0,9.84716593786311,0,0,0,0,0,0
Mitsuokella,0,0,0,0,0,0,0,0,0,0
Nilaparvata,0,0,0,0,0,0,0,0,0,0
Orpinomyces,5.68369287764142,0,0,0,0,0,0,0,0,0
Coniophora,0,0,0,46.4484243582237,0,0,0,0,0,0
Gliomastix,0,0,0,0,0,0,0,0,0,0
Sandarakinorhabdus,5.65349435179039,0,0,0,0,0,0,0,0,0
Methylophaga,0,0,0,0,0,0,0,0,0,0
Shuttleworthia,0,1.44822624896517,0,0,0,0,0,0,0,0
Pseudanabaena,0,0,0,0,0,0,0,0,0,0
Shimazuella,0,0,0,0,0,0,0,0,0,0
Komagataella,0,0,0,0,0,0,0,0,0,0
Auricularia,8.21801629600226,9.29620017897143,0,0,0.975969884857316,1.20251766623567,0,0,0,0
Saprospira,0,0,0,0,0,33.7033268017561,0,0,0,0
Paecilomyces,0,0,0,0,0,0,0,0,0,0
Papilio,0,0,0,0,0,0,0,0,0,0
Kalmanozyma,7.21035518645598,51.8882487975163,0,0,0,0,7.73035807279868,0,0,0
Laribacter,0,0,0,0,0,0,0,0,0,0
Salimicrobium,0,0,0,0,0,0,0,0,0,0
Hypovirus,3.26849220736782,0,0,0,0,0,0,0,0,0
Moniliophthora,0,0,0,0,0,0,0,0,0,0
Weeksella,0,0,0,0,0,0,0,0,0,0
Thermomucor,0,0,0,0,0,2.08033708734776,0,0,0,0
Ciborinia,0,0,0,8.43753287366196,0,81.4235312749547,0,0,0,0
Leptoxyphium,41.4877693582372,0,0,0,0,0,0,0,0,0
Amborella,0,0,0,0,0,0,0,0,0,0
Corynespora,0,0,0,0,0,0,0,0,0,0
Eristalis,0,0,0,0,0,0,0,0,0,0
ssRNA viruses,0,0,0,0,0,0,0,0,0,0
Ignavibacterium,0,0,0,0,0,0,0,0,0,0
Erythrobacter,0,0,0,0,0,0,0,0,0,0
Dendroctonus,0.530661969081605,0,0,0,0,0,0,0,0,0
Aparavirus,0,0,0,0,0,0,0,0,0,0
Arsenophonus,0,0,0,0,0,0,0,0,0,0
Neofusicoccum,0,0,0,0,0,0,0,0,0,0
Vogesella,0,0,0,0,0,0,0,0,0,0
Desulfomicrobium,0,0,0,0,0,0,0,0,0,0
Micromonas,0,0,0,0,0,0,0,0,0,0
Propionispira,0,0,0,0,0,0,0,0,0,0
Pseudozyma,2.73121504497295,0,0.186191384870034,0,0,0,0.310534093153477,0,0,0
Monomorium,0,0,0,0,0,0,0,0,0,0
Fragilariopsis,0,0,0,24.1080514392374,0,0,0,0,0,0
Duganella,0,0,0,0,0,0,0,0,0,0
Methanocorpusculum,0,0,0,0,0,0,0,0,0,0
Planktothrix,0,0,0,0,0,0,0,0,0,0
Strongylocentrotus,0,0,0,0,0,0,0,0,0,0
Verruconis,0,0,0,0,0,0,0,0,0,0
Cotesia,0,0,0,0,0,0,0,0,0,0
Purpureocillium,0,0,0,0,0,0,0,0,0,0
Acidiphilium,1.25705172243764,0,0,0,0,0,0,0,0,0
Isosphaera,0,0,0,0,0,0,0,0,0,0
Gramella,0,0,0,0,0,0,0,0,0,0
Calycina,0,0,0,0,0,0,0,0,0,0
Clonostachys,0,0,0,0,0,0,0,0,0,0
Hibiscus,1.17668426702327,0,96.9320448860479,0,0,0,0,0,0,0
Syntrophobacter,0,0,0,0,0,0,0,0,0,0
Meiothermus,0,0,0,0,0,0,0,0,0,0
Leadbetterella,1.2736405944156,0,0,0,0,0,0,0,0,0
Ocimum,0,0,0,0,0,0,0,0,0,0
Tolypocladium,0,0,0,0,0,0,0,0,0,0
Desulforegula,0,0,0,0,0,0,0,0,0,0
Oerskovia,1.90398536353849,0,0,0,0,0,0,0,0,0
Herpetosiphon,0,0,0,0,0,0,0,0,0,0
Stachybotrys,0.156322176597241,0,0,0,0,0,0,0,0,0
Yarrowia,0,0,0,0,0,0,0,0,0,0
Candidatus Aquiluna,0,0,0,0,0,0,0,0,0,0
Capniomyces,9.48012754201986,0,0,0,0,0,0,12.9578847388055,0,0
Ictidomys,0,0,0,0,0,0,0,0,0,0
Intestinimonas,0,0,0,0,0,0,0,0,0,0
Lodderomyces,0,0,0,0,0,0,0,0,0,63.014537849937
Linum,0,0.178646970481982,0,0,0,0,0,0,0,0
Acytostelium,47.7970136554786,0,0,0,0,0,0,0,0,0
Saccharicrinis,0,0,0,0,0,0,0,0,0,0
Frischella,0,0,0,0,0,0,0,0,0,0
Lentzea,0,0,0,0,0,0,24.9651984468358,0,0,0
Caldimonas,0,0,0,0,0,0,0,0,0,0
Ascocoryne,0,0,0,0,0,0,0,0,0,0
Steganacarus,0,0,0,0,0,0,0,0,0,0
Diplodia,0,0,0,0,0,0,0,0,0,0
Methylotenera,0,25.6265281034093,0,0,0,0,39.0832784930567,0,0,0
Lysinimicrobium,0,0,0,0,0,0,0,0,0,0
Dehalogenimonas,59.1913584032611,0,0,0,0,0,0,0,0,0
Aliivibrio,0,18.0995969453288,0,0,0,0,0,0,0,0
Leeuwenhoekiella,0,0,0,0,0,0,0,0,0,0
Columba,0,0,0,0,0,0,0,0,0,0
Sphaeroforma,0,0,0,0,0,0,0,0,0,0
Phaseolus,0,0,0,0,0,0,0,0,0,0
Desulfonatronovibrio,2.72149525241756,0,0,0,0,0,0,0,0,0
Carica,0,0,0,0,0,0,0,0,0,0
Luteovirus,0,0,0,0,0,0,0,0,0,0
Tilletiaria,0,0,0,0,0,0,0,0,0,0
Micavibrio,3.54159845562625,0,0,0,0,0,0,0,0,0
Umbilicaria,0,0,0,0,0,0,0,0,0,0
Thermotoga,0,0,0,0,0,0,0,0,0,0
Nasonia,0,0,0,0,0,0,0,0,0,0
Barnesiella,0,0,0,0,0,0,0,0,0,0
Stackebrandtia,0,0,0,0,0,0,0,0,0,0
Coprobacillus,0,0,0,0,0,0,0,0,0,0
Filobasidium,92.3391110044922,0,0,0,0,0,0,0,0,0
Granulicoccus,0,0,0,0,0,0,0,0,0,0
Prolixibacter,0,0,0,0,0,0,0,0,0,0
Kamptonema,0,0,0,0,0,0,0,0,0,0
Dactylellina,0,0,0,0,0,0,0,0,0,0
Gordonibacter,0,0,0,0,0,0,0,0,0,0
Thermodesulfovibrio,0,0,0,0,0,0,0,0,0,0
Elaeis,22.4546657465791,0,0,0,0,0,0,0,0,0
Rahnella,0,0,0,2.73777934898143,0,0,0,0,0,0
Coleofasciculus,0,0,0,0,0,0,0,0,0,0
Alkaliphilus,0,0,0,0,0,0,0,0,0,0
Parascardovia,0,0,0,0,0,0,0,0,0,0
Carnimonas,0,0,0,0,0,0,0,0,130.485746478252,0
Thermosinus,0,0,0,0,0,0,0,0,0,0
Ruania,0,0,0,0,0,0,0,0,0,0
Hyla,0,0,0,0,0,0,0,0,0,0
Solitalea,20.2675944547253,0,0,0,0,0,0.377530188853989,0,0,0
Leptographium,0,0,29.7698091658117,6.31295699729017,17.1296957323023,0,0,0,0,0
Actinosynnema,0,0,0,0,0,0,0,0,0,0
Catelliglobosispora,0,0,0,0,0,0,0,0,0,0
Lewinella,0,0,0,0,0,0,0,0,0,0
Serpula,0,1.00444200049627,0,0,0,0,0,0,0,0
Deferrisoma,0,0,0,14.751626772127,0,0,0,0,0,0
Tauraco,0,0,0,0,0,0,0,0,0,0
Lampropedia,0,0,0,0,0,0,0,0,0,0
Anaerobacillus,1.10371053973519,0,0,0,0,0,0,0,0,0
Urostyla,0,0,0,0,0,0,0,0,0,0
Cystobasidiopsis,0.935981531281799,0,0,0,0,0,0,0,0,0
Fopius,0,0,0,0,0,2.50162394854342,0,0,0,0
Aureispira,58.4597769271915,0,0,0,0,0,0,0,0,0
Azovibrio,0,0,0,0,0,0,0,0,0,0
Saksenaea,0,0,0,5.8053711157568,0,0,0,0,0,0
Eggerthella,0,0,0,0,0,0,0,0,0,0
Proteiniclasticum,2.69116448854707,0,0,0,0,0,0,0,0,0
Fibrobacter,0,0,0,0,0,0,0,0,0,0
Pseudorhodobacter,23.8992757123656,0,0,4.14831867009534,0,0,0,0,0,0
Anthracocystis,0,0,0,7.95384306241663,0,0,0,0,0,0
Acetivibrio,0,0,0,0,0,0,0,0,0,0
Dactylonectria,1.31214262315372,0,0,0,0,0,0,0,0,0
Intrasporangium,38.7956953800927,0,0,0,0,0,0,0,0,0
Balansia,0,0,0,0,0,0,0,0,0,0
Huntiella,0,0,0,8.13526128819722,0,0,0.235957019408454,0,0,0
Conidiobolus,0,0,0,0,0,0,0,0,0,0
Shiraia,0,0,0,0,0,0,0,0,0,0
Stylonychia,2.57074753958837,0,0,0,0,0,0,0,0,0
Blastomyces,0,0,0,0,0,0,0,0,0,0
Sphaerobolus,0,0,0,0,0,0,0,0,0,0
Tenacibaculum,0,0,0,0,0,0,0,0,0,0
Isoperla,0,0,0,0,0,0,0,159.720047935757,0,0
Candidatus Schmidhempelia,0,0,0,0,0,0,0,0,0,0
Zunongwangia,0,0,0,0,0,0,0,0,0,0
Caballeronia,0,0,0,0,0,0,0,0,0,0
Pseudorhodoferax,14.2138383922205,0,3.34415949485091,0,0,0,0,0,0,0
Haloplasma,0,0,0,0,0,0,0,0,0,0
Chlamydia,110.604103650998,0,0,0,0,0,0,0,0,0
Acidocella,6.07903438003101,0,0,0,0,0,0,0,0,0
Spongiibacter,0,0,0,0,0,0,0,0,0,0
Silanimonas,0,0,0,0,0,0,0,0,0,0
Thermomyces,0,0,0,0,0,0,0,0,0,0
Symbiobacterium,0,0,0,0,0,0,0,0,0,0
Mesobuthus,0,0,0,0,0,0,0,0,0,0
Ornithobacterium,0,0,0,0,0,0,0,0,0,0
Desulfobulbus,0,0,0,27.5887668441816,0,18.931010908892,0,0,0,0
Yonghaparkia,0,0,0,0,0,0,0,0,0,0
Parachlamydia,44.4721296322227,13.4352947903001,0,0,0,0,0,0,0,0
Candidatus Stoquefichus,0,0,0,0,0,0,0,0,0,0
Fonsecaea,2.36776409809366,0,0,0,0,179.166890019059,0,0,0,0
Cylindrospermum,0,0,0,15.0996533491678,0,0,0,0,0,0
Dichanthelium,0,0,0,0,0,0,0,0,0,0
Spodoptera,0,0,0,0,0,0,0,0,0,0
Paraurostyla,0,0,0,0,0,0,0,0,0,0
Vittaforma,0,0,0,0,0,0,0,0,0,0
Candidatus Accumulibacter,0,33.8239009088654,0,0,0,0,0,0,0,0
Thielavia,0.417117314114064,0,0,0,0,0,0,0,0,0
Fundulus,0,0,0,0,0,0,0,0,0,0
Jeotgalibacillus,0,0,0,0,0,0,0,0,0,0
Ephydra,0,0,0,0,0,0,0,0,0,0
Anditalea,0.724315034490098,0,0,0,0,0,0,0,0,0
Piezodorus,0,0,0,0,0,0,0,0,0,0
Pannonibacter,0,0,0,0,0,0,0,0,0,0
Starmerella,0,3.67606622042298,0,0,0,0,0,0,0,0
Tissierella,0.325734633885667,0,0,0,0,0,0,0,0,0
Alkaliflexus,0,0,0,0,0,0,0,0,0,0
Rhodoferax,0,0,0,0,0,0,0,0,0,0
Corvus,0,0,0,0,0,0,0,0,0,0
Magnaporthe,0,0,0,0,0,0,0,0,0,0
Naegleria,0,0,0,0,0,0,0,0,0,0
Anaerobiospirillum,0,0,0,0,0,0,0,0,0,0
Trichophyton,0,0,0,21.4419779641959,0,0,0,0,0,0
Ceratina,0,0,0,0,0,0,0,0,0,0
Catenuloplanes,0,0,0,0,0,0,0,0,0,0
Marinifilum,0,0,0,0,0,0,0,0,0,0
Echinicola,0,0,0,0,0,0,0,0,0,0
Torrubiella,0,0,0,0,0,0,0,0,0,0
Thalassolituus,0,0,0,0,0,0,0,0,0,0
Psychroflexus,0,0,0,0,0,0,0,0,0,0
Sedimenticola,0,0,0,0,0,0,0,0,0,0
Gulbenkiania,0,0,0,0,0,0,0,0,0,0
Methanothermobacter,0,0,0,0,0,0,0,0,0,0
Criblamydia,0,0,0,0,0,0,0,0,0,0
Xanthobacter,0,0,0,0,0,0,0,0,0,0
Thermoascus,0,0,0,0,0,0,0,0,0,0
Robinsoniella,0,0,0,0,0,0,0,0,0,0
Torulaspora,0,0,0,0,2.01555972070809,0,0,0,0,0
Reticulascus,20.5395355385251,0,0,0,0,0,0,0,0,0
Saprolegnia,10.1028198361683,0,0,0,0,0,0,0,0,0
Trabulsiella,0,0,0,0,0,0,0,0,0,0
Hellea,0,0,0,0,0,0,0,0,0,0
Ensete,0,0,0,0,0,0,0,0,0,0
Rhodnius,0,0,0,0,0,0,0,0,0,0
Phaeomoniella,0,0,0,0,0,0,0,0,0,0
Streptosporangium,0,0,0,0,0,0,0,0,0,0
Geitlerinema,0,0,0,0,0,0,0,0,0,0
Rhodovulum,0,0,0,0,0,0,0,0,0,0
Ipomoea,0,0,0,0,0,0,0,0,0,0
Ornithinibacillus,0,0,0,0,0,0,0,0,0,0
Thermaerobacter,0,0,1.43282687092256,0,0,0,0,0,0,0
Porphyridium,0,0,0,0,0,0,0,0,0,0
Allexivirus,0,0,0,0,0,0,0,0,0,0
Leptothrix,0,0,0,0.529209333079788,0,0,0,0,0,0
Mytilus,0,0,0,0,0,0,0,0,0,0
Oenococcus,0,0,0,0,0,0,0,0,0,0
Passer,0,0,0,0,0,0,0,0,0,0
Butyricimonas,0,0,0,0,0,0,0,0,0,0
Sulfitobacter,0,0,0,0,0,0,0,0,0,0
Erysipelothrix,0,0,0,0,0,0,0,0,0,0
Anopheles,0,0,0,0,0,0,0,0,0,0
Methanococcoides,0,0,0,0,0,0,0,0,0,0
Chrysochromulina,0,0,0,0,0,0,0,0,0,0
Cavia,0,0,0,1.74331704157183,0,0,0,0,0,0
Candidatus Paracaedibacter,0,0,0,0,0,0,0,0,0,0
Narnavirus,0,0,0,0,0,0,0,0,0,0
Advenella,0,0,0,0,0,0,0,0,0,0
Domibacillus,0,0,0,0,0,0,0,0,0,0
Setosphaeria,0,0,0,0,1.53165222729389,0,0,0,0,0
Aeribacillus,0,0,0,0,0,0,0,0,0,0
Leavenworthia,0,0,0,0,0,0,0,0,0,0
Buttiauxella,0,0,0,0,0,0,0,0,0,0
Prauserella,0,0,0,0,0,0,0,0,0,0
Gryllotalpicola,0,0,0,0,0,0,0,0,0,0
N4likevirus,0,0,0,0,0,0,0,0,0,0
Nosema,0,0,0,0,0,0,0,0,0,0
Hermetia,0,0,0,0,0,0,0,0,0,0
Thiobacillus,0,0,0,0,0,0,0,0,0,0
Desmospora,0,0,0,0,0,0,0,0,0,0
Methylocaldum,0,8.03816758444855,0,23.3296017890444,0,0,0,0,0,0
Brettanomyces,0,0,0,0,0,0,0,0,0,0
Oxobacter,0,0,0,0,0,0,0,0,0,0
Hahella,0,0,0,0,0,0,0,0,0,0
Mycoflexivirus,0,0,0,0,0,0,0,0,0,0
Nitrosococcus,0,0,0,0,0,0,0,0,0,0
Nakaseomyces,0,0,0,0,0,0,0,0,0,0
Coprothermobacter,0,0,0,0,0,0,0,0,0,0
Lupinus,0,0,0,0,0,0,0,0,0,0
Virgibacillus,0,0,0,0,0,0,0,0,0,0
Hydnomerulius,0,0,0.260884074753175,0,0,0,0,0,0,0
Mitovirus,0,0,0,0,0,0,0,0,0,0
Cylicostephanus,0,0,0,0,0,0,0,0,0,0
Graphilbum,0,0,0,0,0,0,0,0,0,0
Spratelloides,0,0,0,0,0,0,0,0,0,0
Syntrophothermus,0,0,0,0,0,0,0,0,0,0
Madurella,0,0,0,0,0,0,0,0,0,0
Rhodomicrobium,0,0,0,0,0,0,0,0,0,0
Mucispirillum,0,0,0,0,0,0,0,0,0,0
Atkinsonella,0,0,0,0,0,0,0,0,0,0
Didymobotryum,0,0,0,0,0,0,0,0,0,0
Syntrophus,0,0,0,0,0,0,0,0,0,0
Capsella,0,10.8410400046245,61.5283266316142,0,0,0,0,0,0,0
Melioribacter,0,0,0,0,0,0,0,0,11.3126139371762,0
Candidatus Puniceispirillum,0,0,0,0,0,0,0,0,0,0
Alphabaculovirus,0,0,0,0,0,0,0,0,0,0
Anser,0,0,0,0,0,0,0,0,0,0
Moellerella,0,0,0,0,0,0,0,0,0,0
Carmovirus,0,0,0,0,0,0,0,0,0,0
Ophiocordyceps,0,0,0,0,0,0,0,0,0,0
Chrysovirus,0,0,0,0,0,0,0,0,0,0
Hylemonella,0,0,0,0,0,0,0,0,0,0
Podospora,0,0,0,0,0,0,0,0,0,0
Rymovirus,0,0,0,0,0,0,0,0,0,0
Sporomusa,33.6274997312152,0,0,0,0,0,0,0,0,0
Polynucleobacter,0,0,0,0,0,0,0,0,0,0
Candidatus Hepatobacter,0,0,0,0,0,0,0,0,0,0
Cyanobacterium,0,0,0,0,0,0,0,0,0,0
Ideonella,0,0,0,0,0,0,0,0,0,0
Gracilibacillus,0,0,0,0,0,0,0,0,0,0
Hyphochytrium,1.43087146993011,0,0,41.1718086845735,0,0,0,0,0,0
Solenopsis,0,0,0,0,0,0,0,0,0,0
Terrisporobacter,0,0,0,0,0,0,0,0,0,0
Syntrophomonas,0,0,0,0,0,0,0,0,0,0
Chloroflexus,0,0,0,0,0,0,0,0,0,0
Calliphora,0,0,0,0,0,0,0,0,0,0
Opisthocomus,0,0,0,0,0,0,0,0,0,0
Methylobacillus,0,0,0,0,0,0,0,0,0,0
Oligella,0,0,0,0,0,0,0,0,0,0
Atopococcus,0,0,0,0,0,0,0,0,0,0
Agrilus,0,0,0,0,0,0,0,0,0,0
Silvibacterium,0,0,0,0,0,0,0,0,0,0
Crassostrea,0,0,0,0,0,0,0,0,0,0
Closterovirus,0,0,0,0,0,0,0,0,0,0
Triops,0,0,0,0,0,0,0,0,0,12.446122949808
Pseudarthrobacter,0.422301142987746,0,0,0,0,0,0,0,0,0
Endocalyx,0,0,0,0,0,0,0,0,0,0
Belliella,0,0,0,0,0,0,0,0,0,0
Aplysia,0,0,0,0,0,0,0,0,0,0
Hapunalikevirus,0,0,0,0,0,0,0,0,0,0
Thiolapillus,0,0,0,0,0,0,0,0,0,0
Panicovirus,0,0,0,0,0,0,0,0,5.37129158595352,0
Metschnikowia,0,0,0,0,0,0,0,0,0,0
Camponotus,0,0,0,0,0,0,0,0,0,0
Operophtera,0,0,0,0,0,0,0,0,0,0
Photorhabdus,0,0,0,0,0,0,0,0,0,0
Dongia,9.80495673044276,0,0,0,0,0,0,0,0,0
Allochromatium,0,0,0,0,0,0,0,0,0,0
Oxalobacter,0,0,0,0,0,0,0,0,0,0
Methylosarcina,0,0,0,0,0,0,0,0,0,0
Pelosinus,0,0,0,0,0,0,0,0,0,0
Lucilia,0,0,0,0,0,0,0,0,0,0
Kluyvera,0,0,0,0,0,0,0,0,0,0
Epulopiscium,0,0,0,0.814641952664433,0,0,0,0,0,0
Crocosphaera,0,0,0,0,0,0,0,0,0,0
Mus,0,0,0,0,0,0,0,0,0,0
Citreicella,0,0,0,0,0,0,0,0,0,0
