	2016-01-15	2016-01-19	2016-01-26	2016-02-24	2016-03-03
time	1	2	3	4	5
genus_Stereum	-0.868517775108911	1.21887815910351	0.577603877863477	0.24164802439826	-1.16961228625634
genus_Pinus	1.29791933536411	0.135687134526997	-1.28034425335072	0.491685854266642	-0.644948070807035
genus_Aspergillus	-0.924441845794711	-0.451203692872209	-0.726140925147371	1.37166471471989	0.730121749094398
genus_Penicillium	0.0288107860035757	-0.314194545832731	1.50480498237021	0.0583161965825995	-1.27773741912365
genus_Preussia	1.58694906815645	-1.07711737415226	-0.523530786618593	0.160525341847653	-0.146826249233252
genus_Propionibacterium	-1.18825518883998	-0.522041769074015	0.0409409985946414	1.51308463230744	0.156271327011921
genus_Staphylococcus	-1.03234869771654	-0.826520706142486	1.08792141273393	1.00610524108834	-0.235157249963247
genus_Trametes	-0.631041615614851	0.462305595565858	0.765879537724794	0.846678947124343	-1.44382246480014
genus_Talaromyces	-0.994361484410617	-0.189901887269055	-0.438788954228792	-0.0444812373819847	1.66753356329045
genus_Bacillus	-0.750639013429035	-0.542983779084694	-0.851180371465687	0.830418776513093	1.31438438746632
genus_Malassezia	-1.49823945547321	0.823378107477906	-0.536778953624989	0.771891326634591	0.439748974985707
genus_Botrytis	0.387251045827434	-0.585624528701873	0.612187451471822	1.0273308499224	-1.44114481851978
genus_Acinetobacter	0.0368012797344426	-1.10857578663923	-0.228787138321316	-0.317094890310638	1.61765653553674
genus_Sistotremastrum	-1.50026206063671	0.404261185763198	0.62444355949579	0.97221390034789	-0.500656584970165
genus_Fraxinus	0.558098487282327	0.445639450353825	-0.672628125872892	1.05565066840619	-1.38676048016945
genus_Corynebacterium	-1.23045942145128	0.959927247656548	-0.0314513282169977	-0.720192238624928	1.02217574063666
genus_Streptococcus	-1.13505110345951	-0.81427523975365	0.437151021444784	1.35365636364004	0.15851895812833
genus_Alternaria	1.23692374958891	-0.943427674808354	0.791118018985065	-0.114579169635935	-0.97003492412969
genus_Melampsora	1.75654724982844	-0.327805144875891	-0.417642157435227	-0.259075814351295	-0.752024133166024
genus_Quercus	1.21846630219941	-0.362094710608567	-0.87585437108493	-0.88940170850173	0.908884487995816
genus_Escherichia	1.17152523165659	1.01605264462795	-0.72919262542818	-0.72919262542818	-0.72919262542818
genus_Canis	-1.06003392437691	-1.00931919973281	1.21633207896225	0.34190362517187	0.5111174199756
genus_Cladosporium	1.21868853843241	-0.736295829425792	0.386961058453957	0.415334836955054	-1.28468860441563
genus_Schizopora	-0.279785378856801	0.568686470960517	0.70066213585318	0.649283663845298	-1.6388468918022
genus_Fibulorhizoctonia	0.536461056795803	0.781801711884046	0.636124167721492	-0.350086016287828	-1.60430092011351
genus_Mycobacterium	0.484757814831256	1.5299009820081	-0.453282727182291	-0.780688034828532	-0.780688034828532
genus_Musa	-0.447213595499958	-0.447213595499958	1.78885438199983	-0.447213595499958	-0.447213595499958
genus_Betula	1.64131245429099	-0.58314943364827	-0.859813396000678	0.222601354202362	-0.420950978844399
genus_Phanerochaete	-0.849959734373278	0.661355797455374	0.501958126758102	0.970070342164309	-1.28342453200451
genus_Phialocephala	-1.78114716599466	0.532079509370811	0.451276098059633	0.292781768334405	0.505009790229811
genus_Pseudomonas	1.35278197798224	-0.835514752493009	-0.729486887165963	-0.571099999075827	0.78331966075256
genus_Aureobasidium	1.5541753827397	-0.222583328098535	-1.01221993944965	-0.638960019927375	0.31958790473586
genus_Ustilago	1.39228315702592	-0.244259887595172	0.574511576238731	-0.5544629089592	-1.16807193671028
genus_Rhizopogon	-1.00426184365922	0.121949268154798	1.12121435043366	0.800040242649249	-1.03894201757848
genus_Tilletiopsis	0.833067695427386	0.484624371144807	-0.0668191243896186	0.443284979896145	-1.69415792207872
genus_Phytophthora	-0.389044396841099	1.25025280348424	-0.467912895804559	-1.19395142712196	0.800655916283374
genus_Cronartium	-0.906696061751926	1.21495065234173	0.891096279246352	-0.292654808084227	-0.906696061751926
genus_Amaranthus	1.78885438199983	-0.447213595499958	-0.447213595499958	-0.447213595499958	-0.447213595499958
genus_Fusarium	0.166111168987583	-1.19143820362172	0.0170994981153638	1.51513511100025	-0.50690757448148
genus_Baeospora	-0.817548449375288	0.842228314915242	0.772529540939026	0.525433360902444	-1.32264276738142
genus_Phlebiopsis	-1.29581268519119	0.954191747349262	0.464464500696447	0.709005064974646	-0.831848627829167
genus_Humulus	1.37403816673585	-1.27233580270768	-0.22897137482176	0.528744240007583	-0.401475229213988
genus_Mobiluncus	-0.447213595499958	-0.447213595499958	1.78885438199983	-0.447213595499958	-0.447213595499958
genus_Neurospora	-0.142618111618195	-0.4928235125375	0.454111526620862	-1.2348777606097	1.41620785814453
genus_Pseudogymnoascus	-0.415389627925091	-1.09560509768286	-0.392779506440158	1.52662489230077	0.37714933974734
genus_Paenibacillus	0.445181511488568	-1.44220322159347	-0.492830647391386	0.315303542660756	1.17454881483553
genus_Triticum	1.42533185777464	-0.831985807586613	0.6531431025644	-0.432502348756078	-0.813986803996345
genus_Capsicum	-0.610814163096406	-0.610814163096406	1.69139717183994	-0.610814163096406	0.141045317449279
genus_Filobasidiella	1.61070058044719	-0.664649685824389	0.338926941535832	-0.534255503940409	-0.750722332218225
genus_Picea	1.33331602371292	0.796724954877446	-0.738383607265067	-0.50356291111333	-0.888094460211971
genus_Thermoactinomyces	0.0837292002814557	-0.648932702228056	-0.0179567092173784	1.59571112078922	-1.01255090962524
genus_Wallemia	-1.26289270282763	0.590720639967342	0.268900152823337	1.17696403770667	-0.773692127669723
genus_Ophiognomonia	1.49415549205629	-0.875344293064721	-0.0193661454346922	0.341069756434756	-0.940514809991631
genus_Pleurotus	0.343287504338157	0.75308123677928	0.828054180991793	-0.338654397928647	-1.58576852418058
genus_Psychrobacter	-0.489117832847536	-0.781382902192032	0.0915252813309392	-0.516594564027799	1.69557001773643
genus_Hymenobacter	1.38352330439727	-1.35172345437442	0.29467078978531	-0.40673537678567	0.0802647369775136
genus_Byssochlamys	-0.824237532791154	-0.0816125930704624	-0.732849449965779	-0.0274782371206297	1.66617781294802
genus_Peniophora	0.483473722448109	0.826654531619994	0.393399148424249	0.0076342710437887	-1.71116167353614
genus_Cryptococcus	1.5295754705114	-0.264521285867065	0.391776859372747	-1.00785033967744	-0.648980704339638
genus_Puccinia	1.19137355314424	-1.01527273298459	-0.382044883319213	-0.728498221370001	0.934442284529566
genus_Lentinula	0.291761056270045	0.824473627734946	0.501055041567195	0.106846682863889	-1.72413640843607
genus_Pseudotsuga	1.31786231686179	0.803514211918751	-0.797291971785524	-0.432554392400811	-0.891530164594208
genus_Postia	0.165013430538783	0.616328529401824	0.365456432212479	0.610192378669425	-1.75699077082251
genus_Haemophilus	-1.00936655632009	-1.13534858703358	0.393993125067332	0.9223629540324	0.828359064253943
genus_Pedobacter	1.35105030095145	-0.792080131841543	-1.16692149846793	0.323519922405384	0.284431406952635
genus_Zymoseptoria	1.49030291064594	-0.393854609455163	-1.05007391845709	0.4867859722508	-0.533160354984478
genus_Oidiodendron	0.525432337495795	0.249237754987853	-0.0644430536568642	0.949769094023036	-1.65999613284982
genus_Gelatoporia	-0.958795090232481	-0.239178159694018	-0.657659023351948	0.268534396766593	1.58709787651185
genus_Piloderma	-0.208785334468611	1.14755589996117	0.935346702689954	-0.871893770505694	-1.00222349767681
genus_Gymnopus	-0.00115586612935876	0.207771049065253	0.333759018894706	1.08985566191391	-1.63022986374451
genus_Dioszegia	1.57099031006349	0.0906058069444177	0.0777701995369381	-0.919854055878289	-0.819512260666558
genus_Aegilops	-0.51831098070024	-0.800453057216121	1.48568343595377	0.575874175392029	-0.742793573429438
genus_Salmonella	-0.33502980426071	1.78515991399568	-0.483376703244989	-0.483376703244989	-0.483376703244989
genus_Aedes	-0.447213595499958	-0.447213595499958	-0.447213595499958	1.78885438199983	-0.447213595499958
genus_Adineta	1.78885438199983	-0.447213595499958	-0.447213595499958	-0.447213595499958	-0.447213595499958
genus_Phellinus	-0.302109198113456	0.668001186775841	0.330589637339187	0.898890216780439	-1.59537184278201
genus_Histophilus	-0.447213595499958	-0.447213595499958	1.78885438199983	-0.447213595499958	-0.447213595499958
genus_Necator	1.78018020478898	-0.274682097264724	-0.501832702508086	-0.501832702508086	-0.501832702508086
genus_Chrysoporthe	1.46006364302889	-0.473663237348865	0.397222833068285	-0.177581766401572	-1.20604147234674
genus_Hordeum	-0.691329719682003	-0.621580597006461	0.871500948722994	1.28812347747959	-0.846714109514124
genus_Marchantia	0.708751477636676	1.09974635100703	0.290851839233866	-1.04967483393879	-1.04967483393879
genus_Liriomyza	1.01346312119114	-0.832870520518959	-0.502357464850625	-0.832870520518959	1.1546353846974
genus_Chryseobacterium	-0.111537110074393	-1.24324050135223	1.43763661996942	0.38966252195286	-0.472521530495657
genus_Daucus	0.766580108786655	-1.40145535544275	-0.690711723396548	0.877973329678861	0.44761364037378
genus_Actinomyces	-0.740227934536943	-0.672467815053537	0.494673025438484	-0.62121208229144	1.53923480644344
genus_Raoultella	-0.447213595499958	1.78885438199983	-0.447213595499958	-0.447213595499958	-0.447213595499958
genus_Heterobasidion	-1.45715394314984	0.682710263683006	0.359490643565881	0.980549136794153	-0.565596100893204
genus_Lysinibacillus	-0.714994855080618	-0.714994855080618	1.49833649314234	0.570068623914889	-0.638415406895997
genus_Lucilia	-0.447213595499958	-0.447213595499958	-0.447213595499958	-0.447213595499958	1.78885438199983
genus_Segetibacter	1.29172894280262	-1.29493390471447	-0.231706327898902	-0.41794282414281	0.652854113953558
genus_Oribacterium	-0.462902228035924	-0.462902228035924	1.78817952902221	-0.399472844914439	-0.462902228035924
genus_Pyrenochaeta	1.13549335098002	0.317958122293734	0.309559625030531	-0.188820103034449	-1.57419099526983
genus_Fomitiporia	-0.861268814022936	0.786921821479472	0.449185508755997	0.900457228213841	-1.27529574442637
genus_Leucoagaricus	0.0708776046166973	0.614484294974967	0.436857464164217	0.621441125107239	-1.74366048886312
genus_Zea	-0.712619707838163	-0.712619707838163	1.37820180429194	-0.712619707838163	0.759657319222546
genus_Exiguobacterium	-0.423458921958996	1.78508376616687	-0.350108917256045	-0.505757963475917	-0.505757963475917
genus_Sanghuangporus	-0.697325900000721	0.841952801903051	0.817612232670845	0.433596298294281	-1.39583543286746
genus_Triops	-0.447213595499958	-0.447213595499958	-0.447213595499958	-0.447213595499958	1.78885438199983
genus_Curvularia	0.96964650187657	-0.698746931348721	1.21273964104693	-0.752024881421349	-0.731614330153429
genus_Enterococcus	-0.680872553486408	-0.129353702980383	-0.722555369827874	-0.188303945928521	1.72108557222319
genus_Glarea	-1.36331087402201	-0.227101598494339	0.354534324585651	1.39267010443946	-0.156791956508757
genus_Castanea	1.14485752913296	-1.32403250130714	-0.239699222514451	-0.419472936248669	0.838347130937305
genus_Juglans	1.5785001256693	-0.129816728488678	0.0363474616274964	-0.302341880395517	-1.1826889784126
genus_Paracoccus	-0.693173763922004	-0.693173763922004	-0.693173763922004	0.594605618068812	1.4849156736972
genus_Klebsiella	0.977676215830349	-0.651605220113378	-0.764957438269542	-0.764957438269542	1.20384388082211
genus_Prevotella	-0.767003624026887	-0.767003624026887	1.61668275734698	0.279855429930654	-0.362530939223861
genus_Candida	-1.05334385966598	-1.03826114737082	0.599251533373387	1.15837732982996	0.333976143833453
genus_Plicaturopsis	-1.20010279602234	0.850285499289184	0.617813842447161	0.708368283489242	-0.976364829203249
genus_Amorphotheca	-1.31904973370797	0.371601600707768	-0.457575688061526	0.0222183815391821	1.38280543952255
genus_Exophiala	0.899924978021545	-0.317583415576683	-0.504909548960604	1.15110421015954	-1.2285362236438
genus_Lactococcus	-1.15980450376602	-0.22867260855495	-0.149558430864639	1.60490591029526	-0.066870367109657
genus_Paraphaeosphaeria	1.27062208896886	-0.148481417928709	-0.739996415367945	0.742432281560351	-1.12457653723256
genus_Nostoc	-0.221132871128732	-0.526165191674414	-0.500490054139685	-0.526165191674414	1.77395330861725
genus_Botryobasidium	-0.68961304570305	0.898256983642796	0.92588952539586	0.21270561898996	-1.34723908232557
genus_Schizophyllum	-0.305849358468138	0.887646385195341	0.877838379863702	0.0710168874677226	-1.53065229405863
genus_Micrococcus	-0.703713764184385	0.677482008698805	-0.703713764184385	1.43365928385435	-0.703713764184385
genus_Clostridium	-0.446455250873861	-0.785685780639819	-0.455065148100881	-0.0375776316643974	1.72478381127896
genus_Hymenoscyphus	-0.385928372436139	0.019585284319546	0.440662438832445	1.31445614284704	-1.38877549356289
genus_Microcystis	-0.447213595499958	-0.447213595499958	-0.447213595499958	-0.447213595499958	1.78885438199983
genus_Phoma	1.13704568902266	-1.08857927360585	0.213484063616205	0.718211958337965	-0.980162437370975
genus_Beauveria	-0.39353050874172	-0.0870576856999962	-0.898568817913585	1.70915973029837	-0.330002717943074
genus_Lecanosticta	1.48459289525459	-0.410293411615739	0.104086721192012	0.0899652673143216	-1.26835147214519
genus_Felis	-0.0541880765499809	-0.242953670871117	0.710119517603106	1.08743771977438	-1.50041548995639
genus_Adhaeribacter	1.24254059131133	0.0766733762717567	-0.0886652398687066	-1.5332143025008	0.302665574786418
genus_Trichoderma	-0.448550255467796	-1.03139389807602	0.0525341419781704	-0.211908247336166	1.63931825890181
genus_Lentinus	-0.000925250397349916	0.691387648868434	0.415289025796154	0.617204238515619	-1.72295566278286
genus_Stagonosporopsis	1.16317195080023	-0.216763049232515	0.875478692314822	-0.61603308987031	-1.20585450401223
genus_Kocuria	-0.179193302825157	-0.186603649110267	-0.683100432368421	-0.683100432368421	1.73199781667227
genus_Nelumbo	1.24527601235165	-0.805575215706168	-0.852228260277493	0.909454233444332	-0.496926769812323
genus_Fomitopsis	-0.395605204632658	0.806591550549367	0.27610152569896	0.856587237959423	-1.54367510957509
genus_Diaporthe	1.3656902368541	-0.0778923132034373	0.587074575208081	-1.05274662225214	-0.8221258766066
genus_Wickerhamomyces	-0.729093656086807	1.0124976936162	1.17478327464422	-0.729093656086807	-0.729093656086807
genus_Sphingomonas	1.76306242754674	-0.606839445419972	-0.228912316983172	-0.320471219723626	-0.606839445419972
genus_Marssonina	-0.194782877707624	-0.0264209086424948	0.0499798066167748	1.48992761668479	-1.31870363695145
genus_Helminthosporium	1.20596414522924	-0.762343114082685	0.166177504827615	-1.24056517163095	0.630766635656777
genus_Crepidotus	-0.336647559853197	1.07493288199489	0.81104457728379	-0.113914299057482	-1.43541560036801
genus_Cyberlindnera	-0.487682142463287	1.78650122701097	-0.3621285566424	-0.487682142463287	-0.449008385441995
genus_Rhodotorula	1.12927091212829	0.986118069025217	-0.407128490857908	-1.10660579004493	-0.601654700250673
genus_Rhagoletis	-0.394638043764688	-0.0114536175954123	-1.40856460160468	0.580535601117059	1.23412066184772
genus_Paraphoma	0.799321017224353	-0.874199832441544	1.30588163528143	-0.356802987622694	-0.874199832441544
genus_Dichomitus	-0.491731386541253	0.791227303404492	0.464413365635654	0.763624061352966	-1.52753334385186
genus_Beverwykella	0.0800039839401249	-0.28008307825915	-1.4654165781706	0.396417017536952	1.26907865495267
genus_Geobacillus	0.950029850896518	0.0785918113675564	1.0067246554402	-0.960863119140185	-1.07448319856409
genus_Morus	-0.447213595499958	-0.447213595499958	1.78885438199983	-0.447213595499958	-0.447213595499958
genus_Agaricus	-0.268653044545265	0.699119471497049	1.22882153148008	-0.30407909953756	-1.35520885889431
genus_Laetiporus	-0.843304228139272	0.848576937065602	0.734364805199039	0.567179553345874	-1.30681706747124
genus_Enhydrobacter	-0.716510288975177	-1.20072377877599	-0.0246027867089045	0.68904528990486	1.25279156455521
genus_Cordyceps	-0.0414624502353631	0.695668242424317	-0.594695832794994	1.22700528195308	-1.28651524134704
genus_Anaerococcus	-0.447213595499958	-0.447213595499958	-0.447213595499958	-0.447213595499958	1.78885438199983
genus_Burkholderia	0.833086650505639	1.31791154564343	-0.583304778205813	-0.783846708971629	-0.783846708971629
genus_Rothia	-0.596107215804305	-0.705903845712769	0.441732155738718	-0.705903845712769	1.56618275149112
genus_Grifola	-1.68238313161005	-0.0145964964676468	0.533790195397055	0.259153140304576	0.904036292376069
genus_Hypsizygus	-0.028127684988672	0.383269151969825	0.780883803711986	0.571561269180711	-1.70758653987385
genus_Achromobacter	-0.447213595499958	1.78885438199983	-0.447213595499958	-0.447213595499958	-0.447213595499958
genus_Hypholoma	0.148403644252346	0.948011131224959	0.841020568424034	-0.471169784288154	-1.46626555961318
genus_Lactobacillus	-0.804614770103052	-1.02157348289689	1.35898353136462	0.653725156137384	-0.186520434502066
genus_Rhizopus	-0.447213595499958	-0.447213595499958	1.78885438199983	-0.447213595499958	-0.447213595499958
genus_Erysipelatoclostridium	-0.447213595499958	1.78885438199983	-0.447213595499958	-0.447213595499958	-0.447213595499958
genus_Tricholoma	0.122082900291038	0.932627759876635	0.378623602456824	0.26941649607946	-1.70275075870396
genus_Obba	-0.278527285984706	0.75379559527312	-0.0644517843718167	1.07241715801741	-1.48323368293401
genus_Bulleromyces	0.527796257666893	0.196799089656691	-1.51847078500147	-0.331700942819226	1.12557638049711
genus_Ochroconis	0.815101119297884	-0.374472931111736	-1.3038299862233	-0.317681719270935	1.18088351730809
genus_Tulasnella	-0.402575407899634	0.918747526257586	0.689385631632541	0.343767143581648	-1.54932489357214
genus_Xeromyces	-0.498276845628481	1.42611950329247	-0.797635154207007	-0.797635154207007	0.667427650750024
genus_Sarocladium	-0.479415485080379	-1.25849529183338	-0.300808026191636	1.11337468065484	0.925344122450557
genus_Eutypa	1.19056228277393	0.966248400846294	-0.581103681291842	-0.97469261871432	-0.601014383614064
genus_Tuberibacillus	1.78079412392129	-0.499944429045281	-0.499944429045281	-0.499944429045281	-0.280960836785446
genus_Delftia	-0.447213595499958	-0.447213595499958	-0.447213595499958	-0.447213595499958	1.78885438199983
genus_Streptomyces	1.14531723637402	0.535334816500076	0.364183632311755	-1.32104708978657	-0.723788595399282
genus_Rosellinia	0.0545918367740194	0.625324516414236	0.43377101885508	0.625882381672364	-1.7395697537157
genus_Phlebotomus	-0.447213595499958	-0.447213595499958	-0.447213595499958	-0.447213595499958	1.78885438199983
genus_Cylindrobasidium	-0.999221299107749	0.563735394892935	0.364519849921943	1.16428026060696	-1.09331420631409
genus_Pontibacter	0.135151268159292	-0.949508091052455	-0.880717079925071	0.18880021459334	1.50627368822489
genus_Pediculus	-0.447213595499958	-0.447213595499958	1.78885438199983	-0.447213595499958	-0.447213595499958
genus_Ananas	1.13464164890288	1.05376261124966	-0.760563689539949	-0.760563689539949	-0.667276881072636
genus_Desulfotomaculum	1.78885438199983	-0.447213595499958	-0.447213595499958	-0.447213595499958	-0.447213595499958
genus_Aerococcus	-0.512606013613161	-0.512606013613161	1.77945743281977	-0.268590844643667	-0.485654560949782
genus_Valsa	1.37480675072379	0.218649601863579	0.115953493400977	-0.312665936224609	-1.39674390976374
genus_Physcomitrella	-1.07643221222487	0.564207993417799	0.568118028739129	1.02053840229281	-1.07643221222487
genus_Veillonella	-0.523515583699269	-0.523515583699269	-0.200750395001306	-0.523515583699269	1.77129714609911
genus_Citrus	-0.200744501213173	0.1182137470439	1.64892048396467	-0.783194864897697	-0.783194864897697
genus_Hypoxylon	1.42912603073055	-0.704532435850394	-0.704532435850394	0.68447127682063	-0.704532435850394
genus_Caligus	-0.447213595499958	-0.447213595499958	-0.447213595499958	-0.447213595499958	1.78885438199983
genus_Diaphorina	-0.447213595499958	-0.447213595499958	-0.447213595499958	-0.447213595499958	1.78885438199983
genus_Daedalea	-0.784818616828207	0.87265683702776	0.335756878396047	0.888220791072304	-1.31181588966791
genus_Lignosus	-1.22668801091638	0.928136203952835	0.623283479265667	0.609836237713822	-0.934567910015944
genus_Deinococcus	-0.447213595499958	-0.447213595499958	-0.447213595499958	1.78885438199983	-0.447213595499958
genus_Capronia	1.06639206057334	-0.730145025203865	1.12404301503825	-0.730145025203865	-0.730145025203865
genus_Rhizoctonia	-1.68609366315796	0.496179527718993	0.386187216019537	-0.0665193906458797	0.870246310065314
genus_Solanum	-0.593633015407216	1.74565706629862	-0.0647417713721601	-0.493649264112032	-0.593633015407216
genus_Vitis	1.46994794941082	0.575891926159764	-0.818845563938236	-0.818845563938236	-0.408148747694109
genus_Hortaea	1.72416491741546	-0.401085784951977	-0.140564603332396	-0.319727508231042	-0.862787020900045
genus_Ascochyta	1.40429343080132	-0.960994473736505	0.41203861823465	0.105656898437042	-0.960994473736505
genus_Malus	-0.430120891459511	-0.650613768564165	-0.754243129172145	0.162756060556475	1.67222172863935
genus_Tilletia	1.57235046198923	-0.631353912943011	0.431965354281326	-0.686480951663774	-0.686480951663774
genus_Sediminibacterium	1.25194392482287	-1.27359465747514	-0.374949642464287	-0.345464418863695	0.742064793980248
genus_Coniosporium	1.72671515072113	-0.354037228627067	-0.806453673326456	-0.0800850918878673	-0.48613915687974
genus_Spirosoma	0.0133971288264703	-1.62140739196918	0.0287151344005763	0.541708584550482	1.03758654419165
genus_Medicago	-0.712262390690451	-0.712262390690451	0.756049904284767	1.38073726778659	-0.712262390690451
genus_Saccharomyces	1.78885438199983	-0.447213595499958	-0.447213595499958	-0.447213595499958	-0.447213595499958
genus_Biatriospora	-0.56064987494468	-0.660406149575261	-0.837073194140903	0.564900865256367	1.49322835340448
genus_Armillaria	-0.565584227029745	1.53130458668462	0.484097711885311	-0.566978782178563	-0.882839289361623
genus_Laurentiella	1.6934352814973	-0.609402315339254	-0.609402315339254	-0.609402315339254	0.134771664520459
genus_Flammulina	-0.994358384558742	0.912866130410492	0.527651713991201	0.725598658133605	-1.17175811797656
genus_Bacteroides	0.0511656611435354	-0.975808082907483	1.42176583022021	-0.91945541520358	0.422332006747318
genus_Prunus	1.4882223735153	-0.387939066916414	-0.819743134416589	-0.819743134416589	0.539202962234288
genus_Rasamsonia	0.983411454777464	0.596216624741711	-1.08974594376547	0.582672722358507	-1.07255485811221
genus_Sclerotinia	0.1834391527218	1.08334497241085	0.465127190840372	-0.132262247513147	-1.59964906845988
genus_Thielavia	1.75470161958989	-0.309957297282102	-0.685522683124918	-0.196856062759163	-0.562365576423706
genus_Amborella	-0.695101709294968	1.47638756542037	-0.695101709294968	-0.695101709294968	0.608917562464533
genus_Rutstroemia	-0.25731267341679	-1.30638552832114	0.761247138594604	1.21537723092007	-0.412926167776748
genus_Stemphylium	1.78885438199983	-0.447213595499958	-0.447213595499958	-0.447213595499958	-0.447213595499958
genus_Taiwanofungus	-1.41601636115448	0.689464357925147	0.606429202248105	0.816555102743525	-0.696432301762298
genus_Brachypodium	-0.660874505490598	0.389507529294218	-0.660874505490598	1.59311598717758	-0.660874505490598
genus_Finegoldia	-0.865705717791684	-0.281240076107383	0.561001050601465	-0.865705717791684	1.45165046108929
genus_Coprinopsis	-1.17526186127001	0.730000664063891	0.836498519805571	0.613577079227906	-1.00481440182736
genus_Wolfiporia	-1.28718557140473	-0.538488294464403	0.724917470840466	-0.128534904938509	1.22929129996718
genus_Serendipita	0.0447964482020705	0.289592254822726	1.23503713580391	-0.0240342272029733	-1.54539161162574
genus_Dactylellina	-0.705103448955161	1.42590674982891	0.689403597036574	-0.705103448955161	-0.705103448955161
genus_Neisseria	-0.776939802955289	-0.645237776580653	-0.566297787921172	0.410147610982587	1.57832775647453
genus_Synechocystis	0.363408863224791	-0.569673441117576	1.60264413747987	-0.698189779793544	-0.698189779793544
genus_Cannabis	-0.473633718640211	-0.366009652204469	1.7869108081251	-0.473633718640211	-0.473633718640211
genus_Niastella	0.553002327591658	-0.890107261478509	-0.393818658364758	-0.748019165590698	1.47894275784231
genus_Ephydra	-0.649761571121276	-0.649761571121276	0.329051830417361	-0.649761571121276	1.62023288294647
genus_Dermatophagoides	-0.513658807232561	-0.234787801782307	-0.513658807232561	1.77576422347999	-0.513658807232561
genus_Paecilomyces	1.77831454378973	-0.55290797165233	-0.330969656061897	-0.341528944423173	-0.55290797165233
genus_Amanita	-0.975624082511712	-0.00398270553816555	-0.0035393192621541	-0.640867038962031	1.62401314627406
genus_Ganoderma	-1.19979686939869	0.529761504740078	1.25555285525587	0.222998892569108	-0.808516383166362
genus_Baudoinia	1.65057056540144	0.206258433450859	-0.382577524227451	-0.737125737312423	-0.737125737312423
genus_Leucosporidium	0.785770947250079	0.505583271119129	0.292020850769151	0.153863916266205	-1.73723898540456
genus_Tolypothrix	-0.796342673724946	-0.176881716940668	-0.60852995330848	-0.134668369248673	1.71642271322277
genus_Galerina	-0.386671525305079	0.804375392567881	0.761907549953061	0.391830857759945	-1.57144227497581
genus_Rosa	1.78754578122449	-0.468966036246583	-0.380647672484736	-0.468966036246583	-0.468966036246583
genus_Glycine	-0.447213595499958	-0.447213595499958	-0.447213595499958	1.78885438199983	-0.447213595499958
genus_Meira	1.25206966194057	0.272973051572384	0.479726097842954	-1.24540822376888	-0.75936058758702
genus_Ricinus	-0.139164037283545	1.7615926149075	-0.540809525874652	-0.540809525874652	-0.540809525874652
genus_Punctularia	-0.632677562126452	0.351164379072133	1.46281784516928	-0.0254858596795238	-1.15581880243544
genus_Physarum	0.912140081975015	1.26193157021431	-0.724690550729774	-0.724690550729774	-0.724690550729774
genus_Sporosarcina	0.00761295338534019	-1.51770070001832	0.346025303165219	-0.0885179679338124	1.25258041140157
genus_Rhizomucor	-0.447213595499958	-0.447213595499958	-0.447213595499958	1.78885438199983	-0.447213595499958
genus_Citrullus	-0.674588927026088	-0.674588927026088	1.5536274936466	0.470139287431662	-0.674588927026088
genus_Omphalotus	-0.700822561041453	0.497055032304516	-0.580406865062073	1.53608176940408	-0.75190737560507
genus_Pyrus	0.194785069787442	-0.555149034584638	-1.29269102650484	0.271314548284333	1.38174044301771
genus_Sphingobacterium	0.367462477598483	-1.03926914963859	-0.0601352362478821	-0.755056529233181	1.48699843752117
genus_Scytonema	-0.499331102870094	-0.499331102870094	-0.282994957288436	-0.499331102870094	1.78098826589872
genus_Pantoea	1.76858100750223	-0.274335565359991	-0.595684591086663	-0.587691559288898	-0.310869291766676
genus_Mucilaginibacter	0.993896768941284	-0.665769286677619	-0.711065178461723	1.18896224206194	-0.806024545863886
genus_Hydnomerulius	-0.35411904192867	1.18950528596849	0.436981940639114	0.218000683824408	-1.49036886850334
genus_Cladonia	0.414982793144487	0.669476168637159	0.775955926075186	-0.206705002906261	-1.65370988495057
genus_Madurella	1.39351651830759	-0.256685875464869	-0.889079058647882	0.641327474453041	-0.889079058647882
genus_Actinidia	1.04797114519239	-0.451998486334246	-0.854281858120471	-0.854281858120471	1.1125910573828
genus_Hibiscus	1.23529003352782	0.94394637483241	-0.726412136120076	-0.726412136120076	-0.726412136120076
genus_Pseudocercospora	1.72713316179495	-0.296416232813224	-0.731447525891633	-0.623170920509771	-0.0760984825803169
genus_Phoenix	-0.566399302072001	0.990744064013496	-0.804471029427916	-0.804471029427916	1.18459729691434
genus_Ureibacillus	0.859041375101324	1.30450590054214	-0.721182425214489	-0.721182425214489	-0.721182425214489
genus_Dolosigranulum	-0.928419571550045	-0.943660455189702	-0.121162093464571	1.34758738092438	0.645654739279937
genus_Passalora	1.52360442391447	-0.211200429139049	-0.067360952700929	0.0310916489271773	-1.27613469100167
genus_Gallus	-0.447213595499958	1.78885438199983	-0.447213595499958	-0.447213595499958	-0.447213595499958
genus_Paraurostyla	1.78885438199983	-0.447213595499958	-0.447213595499958	-0.447213595499958	-0.447213595499958
genus_Venturia	-0.645982731092702	-0.50097150554817	0.835820534728611	1.29239045320319	-0.981256751290934
genus_Lactuca	-0.677424223556432	-0.677424223556432	-0.677424223556432	0.487826218053973	1.54444645261532
genus_Debaryomyces	-0.586651521773271	0.0377184328968765	1.72223613242294	-0.586651521773271	-0.586651521773271
genus_Lasioglossum	-0.447213595499958	-0.447213595499958	1.78885438199983	-0.447213595499958	-0.447213595499958
genus_Arabis	-0.834272740166222	0.498857425424871	1.51479249348875	-0.770061399005649	-0.409315779741754
genus_Stagonospora	0.472904840857391	-0.34104693861951	0.373068495613584	1.05010974742102	-1.55503614527248
genus_Mycosphaerella	1.37362145530815	-0.26073341568749	-0.321279316376591	0.506592335782045	-1.29820105902612
genus_Gardnerella	1.41065393523188	-0.976611960206646	-0.627421787256521	-0.470729065713228	0.664108877944513
genus_Treponema	-0.73027986237277	-0.73027986237277	1.10503539536211	1.0858041917562	-0.73027986237277
genus_Tuber	-0.729086658955728	1.17500820417897	1.01225177268821	-0.729086658955728	-0.729086658955728
genus_Ancylostoma	-0.447213595499958	-0.447213595499958	-0.447213595499958	-0.447213595499958	1.78885438199983
genus_Ceraceosorus	0.835878806713078	1.0474067103732	-0.781235073199696	0.151349312589554	-1.25339975647614
genus_Cystobasidium	1.56958170985915	0.340060631793703	-0.880859700543043	-0.273911228432433	-0.754871412677379
genus_Ascocoryne	-0.777930381821176	1.31342512389914	0.845373692980895	-0.719445135258586	-0.661423299800273
genus_Oryza	-0.447213595499958	-0.447213595499958	-0.447213595499958	1.78885438199983	-0.447213595499958
genus_Acremonium	1.50086009462966	-0.360563645721826	-0.645228824006573	0.486818494616776	-0.981886119518036
genus_Claviceps	1.73626615539069	-0.573028403237404	-0.0171809456784785	-0.573028403237404	-0.573028403237404
genus_Dyadobacter	0.42433706574069	-0.74806998445374	-1.34858260152816	0.688959390167511	0.983356130073697
genus_Flavihumibacter	1.61900908900013	-0.730359479270506	-0.533314491836803	-0.676580743061437	0.321245625168618
genus_Fibroporia	-1.03502110486881	0.571381539929625	0.228848555380984	1.24040916852482	-1.00561815896662
genus_Laccaria	-0.857392011743295	0.893564687090437	0.979199818446137	0.1966212687394	-1.21199376253268
genus_Populus	1.74340525062912	-0.047902219574329	-0.565167677018264	-0.565167677018264	-0.565167677018264
genus_Erythrobasidium	1.6470349714242	0.190985640653873	-0.894239217162579	-0.52562546164188	-0.418155933273614
genus_Roseomonas	1.20925389694896	-0.727767277633507	-0.727767277633507	-0.727767277633507	0.974047935951557
genus_Gossypium	1.7878253978766	-0.388216882003495	-0.466536171957703	-0.466536171957703	-0.466536171957703
genus_Pseudoalteromonas	-0.447213595499958	-0.447213595499958	1.78885438199983	-0.447213595499958	-0.447213595499958
genus_Flavobacterium	1.07199476400208	-1.05088662949999	-0.0504043872838623	-0.919026008524307	0.948322261306083
genus_Calycina	-1.08146353857629	0.75113501169682	0.482187510738451	0.929604554717311	-1.08146353857629
genus_Mentha	-1.08248648068639	0.972092068745383	0.595876466284523	0.597004426342873	-1.08248648068639
genus_Yersinia	1.2918007997057	0.875193166082932	-0.722331321929544	-0.722331321929544	-0.722331321929544
genus_Aliterella	-0.387057987526673	-0.45315305358437	1.23390016504076	-1.20799075413518	0.814301630205467
genus_Paramecium	-1.25000863783395	-0.633233534697337	0.248723986191834	0.252101936340367	1.38241624999908
genus_Alloprevotella	-0.447213595499958	-0.447213595499958	-0.447213595499958	-0.447213595499958	1.78885438199983
genus_Stenotrophomonas	1.78885438199983	-0.447213595499958	-0.447213595499958	-0.447213595499958	-0.447213595499958
genus_Pyrenophora	1.58660366131981	-0.684072372898319	0.31524977502033	-0.903726105078945	-0.314054958362876
genus_Rhinocladiella	1.42896632576945	0.537763095489123	-0.152569148337524	-0.907080136460523	-0.907080136460523
genus_Terrimonas	1.00137882082339	-1.61341015543183	0.58640563412661	0.170844843137593	-0.145219142655761
genus_Hebeloma	-0.701503175922113	0.831816701684868	0.842535786872683	0.417148756377813	-1.38999806901325
genus_Sporothrix	1.37131245663942	-0.849319804197248	-0.394566822132197	0.721893973887273	-0.849319804197248
genus_Geotrichum	0.807854574294147	0.918746683423452	-0.795417793185188	0.38206230402028	-1.31324576855269
genus_Pisolithus	0.23849936622953	1.11366733301303	-0.111017948202287	0.359301388992974	-1.60045014003325
genus_Oceanobacillus	-0.708427456899203	-0.153803296615485	-0.0649051797029667	1.6965464503176	-0.769410517099948
genus_Purpureocillium	1.04549836979928	-0.72985319818988	-0.72985319818988	1.14406122477037	-0.72985319818988
genus_Moniliophthora	0.110702671803216	0.521471065285228	0.355666385079803	0.751351037024133	-1.73919115919238
genus_Colletotrichum	1.0618630113126	0.300175428601779	-0.662830329077856	0.674737591932522	-1.37394570276904
genus_Gloeophyllum	-0.801540652490948	0.839928964960526	0.726865005791258	0.574168214138191	-1.33942153239903
genus_Alkaliphilus	-0.447213595499958	-0.447213595499958	-0.447213595499958	-0.447213595499958	1.78885438199983
genus_Pestalotiopsis	1.67966003732676	0.167575138723429	-0.521813168428683	-0.662711003810753	-0.662711003810753
genus_Vigna	-0.447213595499958	-0.447213595499958	1.78885438199983	-0.447213595499958	-0.447213595499958
genus_Mastigocladopsis	-0.447213595499958	1.78885438199983	-0.447213595499958	-0.447213595499958	-0.447213595499958
genus_Bipolaris	1.39900981476701	-0.896824129129235	0.560380951457017	-0.107062102842755	-0.955504534252032
genus_Filobasidium	1.460819566565	-0.239733417256724	-0.739616864214799	-0.997568389322119	0.516099104228645
genus_Planomicrobium	-0.700556326289867	-0.143519338118879	0.120089866588076	-0.90531206428933	1.62929786211
genus_Exidia	-1.77477350595904	0.377865652983759	0.333072971424086	0.408251319818309	0.655583561732881
genus_Hassallia	1.75201125520352	-0.622166657115796	-0.136780401145343	-0.622166657115796	-0.370897539826586
genus_Apis	-0.447213595499958	1.78885438199983	-0.447213595499958	-0.447213595499958	-0.447213595499958
genus_Fragaria	-0.69906477763456	1.70443874542734	0.064332458352395	-0.41253719717312	-0.657169228972049
genus_Clavaria	0.157391868155569	0.295303130027138	0.117161920144423	1.07740932788121	-1.64726624620834
genus_Fischerella	-0.447213595499958	-0.447213595499958	-0.447213595499958	-0.447213595499958	1.78885438199983
genus_Corynespora	0.651041342986203	-1.38102124498616	-0.543284485374134	0.105988076366501	1.16727631100759
genus_Shiraia	-0.0552904976027877	-0.581306725492597	1.74175664081669	-0.638079962234078	-0.467079455487223
genus_Cryomyces	1.70948614539824	0.0828279822441416	-0.597438042547461	-0.597438042547461	-0.597438042547461
genus_Mesorhizobium	1.78885438199983	-0.447213595499958	-0.447213595499958	-0.447213595499958	-0.447213595499958
genus_Microcoleus	-0.447213595499958	-0.447213595499958	1.78885438199983	-0.447213595499958	-0.447213595499958
genus_Vaccinium	-0.295353635568651	-0.495588041395425	-0.495588041395425	-0.495588041395425	1.78211775975493
genus_Jaapia	-0.0828513560549911	0.568433449132352	0.46371535186088	0.750994847185767	-1.70029229212401
genus_Cenococcum	1.19174579746807	0.00133484650044555	-0.941537408350351	0.785713566213752	-1.03725680183192
genus_Chaetomium	0.596945718249177	1.31243641903503	0.0175293831360988	-0.784060703955645	-1.14285081646466
genus_Epichloe	-0.258213130954562	-0.438899544086454	-0.261655900626872	1.74678532302888	-0.788016747360987
genus_Mrakia	-0.155641790873551	-0.746783549739953	-0.305982008260729	-0.534730215871177	1.74313756474541
genus_Cladophialophora	0.798300966149112	0.898065115180742	0.449731022782068	-1.23284566302704	-0.913251441084885
genus_Microdochium	1.26350178079303	-0.17723183770169	-0.680203554681117	0.752746669031873	-1.1588130574421
genus_Pseudonocardia	-0.447213595499958	-0.447213595499958	1.78885438199983	-0.447213595499958	-0.447213595499958
genus_Brugia	-0.586880358024076	1.72198134764853	-0.586880358024076	0.0386597264236992	-0.586880358024076
genus_Desmospora	0.741771816428264	1.36415454325731	-0.43050004776549	-0.837713155960042	-0.837713155960042
genus_Leptosphaeria	1.31924668322483	-0.661658266081298	0.500685228210476	0.0917998029507793	-1.25007344830478
genus_Coniophora	-1.40653987738805	0.638471535829311	0.894442238706878	0.57163096702449	-0.698004864172632
genus_Sphingobium	1.78885438199983	-0.447213595499958	-0.447213595499958	-0.447213595499958	-0.447213595499958
genus_Niabella	0.427015529892384	-0.852209454617501	-0.336422902722931	-0.778541903757437	1.54015873120549
genus_Leclercia	-0.447213595499958	-0.447213595499958	-0.447213595499958	-0.447213595499958	1.78885438199983
genus_Planococcus	-0.731547289455256	0.201745651971921	-0.392427501328737	-0.731547289455256	1.65377642826733
genus_Parastagonospora	1.46508794590406	-0.980585721338534	0.130507762745133	0.278079345057261	-0.893089332367923
genus_Leptolyngbya	-0.466371815933623	-0.388727617765716	-0.466371815933623	1.78784306556658	-0.466371815933623
genus_Turicibacter	-0.447213595499958	-0.447213595499958	-0.447213595499958	-0.447213595499958	1.78885438199983
genus_Phaeoacremonium	-0.0884163197932648	0.836678315060223	-0.405310488001541	1.06728723654143	-1.41023874380685
genus_Salmo	-0.447213595499958	1.78885438199983	-0.447213595499958	-0.447213595499958	-0.447213595499958
genus_Mycena	-1.07379604926667	0.789367218890749	0.747188554736568	0.651370787988081	-1.11413051234872
genus_Legionella	1.32620726150683	0.398812357131787	0.0268804542153737	-0.353062136455208	-1.39883793639878
genus_Salinicoccus	-0.447213595499958	1.78885438199983	-0.447213595499958	-0.447213595499958	-0.447213595499958
genus_Aptenodytes	-0.447213595499958	-0.447213595499958	-0.447213595499958	1.78885438199983	-0.447213595499958
genus_Viridibacillus	-0.447213595499958	-0.447213595499958	-0.447213595499958	-0.447213595499958	1.78885438199983
genus_Cucumis	-0.474194347241731	-0.474194347241731	1.78682578527027	-0.364242743545077	-0.474194347241731
genus_Chenopodium	-0.447213595499958	1.78885438199983	-0.447213595499958	-0.447213595499958	-0.447213595499958
genus_Emmonsia	1.4651099313598	0.55533817204741	-0.889104883391992	-0.805020904229727	-0.326322315785486
genus_Sphaerulina	1.76113170357899	-0.586783433502075	-0.157456873369394	-0.430107963205445	-0.586783433502075
genus_Tolypocladium	1.11215831993606	0.170039232433886	0.183013063792087	0.169413448501894	-1.63462406466393
genus_Janthinobacterium	-0.394060382219322	-0.464652694640097	-0.464652694640097	-0.464652694640097	1.78801846613961
genus_Eubacterium	-0.503577647648691	-0.503577647648691	-0.2688580268462	-0.503577647648691	1.77959096979227
genus_Sphaerobolus	-1.09395158408385	0.67378012063428	0.813078980255647	0.701044067277773	-1.09395158408385
genus_Meyerozyma	-0.447213595499958	-0.447213595499958	1.78885438199983	-0.447213595499958	-0.447213595499958
genus_Setaria	-0.447213595499958	-0.447213595499958	-0.447213595499958	1.78885438199983	-0.447213595499958
genus_Azadirachta	1.78885438199983	-0.447213595499958	-0.447213595499958	-0.447213595499958	-0.447213595499958
genus_Marinococcus	-0.447213595499958	1.78885438199983	-0.447213595499958	-0.447213595499958	-0.447213595499958
genus_Calothrix	-0.391150202479677	-0.46559153274485	-0.46559153274485	-0.46559153274485	1.78792480071423
genus_Roseburia	1.74378653304071	-0.564726373832445	-0.0496074115433771	-0.564726373832445	-0.564726373832445
genus_Neolentinus	-1.17884723206737	0.0403339326122154	-0.559973597040309	0.196291275741397	1.50219562075406
genus_Dendroctonus	1.78885438199983	-0.447213595499958	-0.447213595499958	-0.447213595499958	-0.447213595499958
genus_Eimeria	-0.447213595499958	1.78885438199983	-0.447213595499958	-0.447213595499958	-0.447213595499958
genus_Brassica	-0.891687844201091	1.20057268310703	-0.340492926072396	0.923295931367549	-0.891687844201091
genus_Xylaria	1.20048166854846	0.190270924551829	0.653789522947956	-0.971656009445255	-1.07288610660299
genus_Gloeocapsa	1.78885438199983	-0.447213595499958	-0.447213595499958	-0.447213595499958	-0.447213595499958
genus_Shimazuella	1.51157684085537	-0.736178679973065	-0.581057989474307	-0.736178679973065	0.54183850856507
genus_Elaeis	1.78826115227027	-0.461932937795634	-0.461932937795634	-0.461932937795634	-0.402462338883372
genus_Volvariella	-0.135276062501925	0.678461253320109	0.972743109652412	0.0864712384112234	-1.60239953888182
genus_Carnobacterium	-0.729706633503064	-0.635810651357556	0.637843951876553	-0.729706633503064	1.45737996648713
genus_Sporisorium	1.78885438199983	-0.447213595499958	-0.447213595499958	-0.447213595499958	-0.447213595499958
genus_Umbilicaria	1.78885438199983	-0.447213595499958	-0.447213595499958	-0.447213595499958	-0.447213595499958
genus_Massilia	1.56677440199961	-0.775684043581169	-0.9106543754296	0.291183250076741	-0.171619233065578
genus_Erysiphe	1.07411022218921	0.41647035699792	-0.391682027059442	0.429232451586952	-1.52813100371464
genus_Acyrthosiphon	-1.04615823456772	-1.04615823456772	0.748760402493854	0.2547095113458	1.08884655529579
genus_Meiothermus	1.78885438199983	-0.447213595499958	-0.447213595499958	-0.447213595499958	-0.447213595499958
genus_Basipetospora	-0.382579123113043	-0.468347057090986	-0.468347057090986	1.787620294386	-0.468347057090986
genus_Nicotiana	-0.469164115155267	1.78752146029931	-0.380029114833511	-0.469164115155267	-0.469164115155267
genus_Belnapia	-0.575812965087234	-0.575812965087234	1.73357452730817	-0.575812965087234	-0.00613563204646298
genus_Metarhizium	1.03830338233187	-0.743561959264775	0.519126881792701	0.533373821253468	-1.34724212611326
genus_Hysterium	1.20853552602546	0.634013836921574	-1.02361476334924	0.204680163751437	-1.02361476334924
genus_Catonella	-0.447213595499958	-0.447213595499958	1.78885438199983	-0.447213595499958	-0.447213595499958
genus_Gongronella	-0.956597566748932	0.920360259039298	0.593763801002235	0.651259533216899	-1.2087860265095
genus_Arthroderma	-0.635990631283684	0.784147144420251	-0.932326775088503	1.34180468363484	-0.557634421682903
genus_Macrocystidia	-0.886721217651399	0.7083214647144	-0.291602825574739	1.35672379616314	-0.886721217651399
genus_Serpula	0.110052688297405	0.651849563534742	0.697234692961632	0.273502817048113	-1.73263976184189
genus_Enterobacter	0.758376099742987	-0.723356038357413	-0.69059637268175	-0.723356038357413	1.37893234965359
genus_Gemella	-0.624141516033511	-0.624141516033511	1.67049943168188	-0.624141516033511	0.201925116418652
genus_Isaria	0.344806588708802	-0.161401351422225	1.40785702891542	-0.244750562397894	-1.34651170380411
genus_Lepidopterella	1.22960447737742	0.559469284196621	-0.985222277423892	0.261894794303704	-1.06574627845385
genus_Calocera	-0.277287518448413	1.19994531020541	0.414800047019708	0.17293225661081	-1.51039009538751
genus_Ruminiclostridium	-0.410474112401	-0.419175499296393	-0.884674728906895	0.019397419468839	1.69492692113545
genus_Termitomyces	-0.478237339065652	0.546878002265659	0.63282404951206	0.837905698084925	-1.53937041079699
genus_Jeotgalicoccus	-0.508678724165868	-0.39074447546918	-0.508678724165868	1.78535460846473	-0.37725268466381
genus_Daldinia	1.7567596346007	-0.626907230726019	-0.276902006226891	-0.226043166921768	-0.626907230726019
genus_Moraxella	-1.05972069066626	-0.914314665328408	0.599879345456022	1.29412542960482	0.0800305809338272
genus_Peptoclostridium	-0.258469941920685	-0.506674297193417	-0.506674297193417	-0.506674297193417	1.77849283350094
genus_Taphrina	1.53228091559723	-0.470238062288247	-1.18456646058729	0.161978345858807	-0.0394547385804968
genus_Phaeomoniella	0.144632343433062	-0.999368148105674	0.564590005637246	1.28951394714104	-0.999368148105674
genus_Rufibacter	0.339356654561209	1.50637265656982	-0.0494950734858278	-0.898117118822603	-0.898117118822603
genus_Gliomastix	0.0364253948779817	-0.687397540533669	-0.75515651315621	1.69485502051671	-0.288726361704814
genus_Verruconis	1.07741033726656	-0.74633349787961	-0.697617642527497	1.11287430102016	-0.74633349787961
genus_Dichanthelium	-0.447213595499958	-0.447213595499958	1.78885438199983	-0.447213595499958	-0.447213595499958
genus_Spinacia	-0.447213595499958	-0.447213595499958	1.78885438199983	-0.447213595499958	-0.447213595499958
genus_Capnocytophaga	-0.171243707066835	-0.720157093585616	1.57692838326575	0.261542502776641	-0.947070085389944
genus_Crinalium	1.78885438199983	-0.447213595499958	-0.447213595499958	-0.447213595499958	-0.447213595499958
genus_Acanthamoeba	1.71369762237648	-0.59401692098116	0.068353140566997	-0.59401692098116	-0.59401692098116
genus_Neofusicoccum	1.38598241159871	-0.528925749693055	-0.794678284566889	0.732299907228123	-0.794678284566889
genus_Auricularia	-1.48007867999233	0.728763802935557	0.26376302191306	0.98196495590651	-0.494413100762796
genus_Gyalolechia	1.15844613709684	-0.152238311809974	0.902159865317945	-0.954183845302405	-0.954183845302405
genus_Arthrobacter	-0.142730041663262	-0.940286361940491	1.23334210439266	-0.959204149805562	0.808878449016653
genus_Porphyromonas	-0.447213595499958	-0.447213595499958	1.78885438199983	-0.447213595499958	-0.447213595499958
genus_Trifolium	1.78885438199983	-0.447213595499958	-0.447213595499958	-0.447213595499958	-0.447213595499958
genus_Eucalyptus	1.78885438199983	-0.447213595499958	-0.447213595499958	-0.447213595499958	-0.447213595499958
genus_Tarenaya	-0.544648087542355	1.17196196393843	0.99246932972823	-0.681401471251021	-0.938381734873279
genus_Trebouxia	1.78885438199983	-0.447213595499958	-0.447213595499958	-0.447213595499958	-0.447213595499958
genus_Fonsecaea	0.652729387162456	-0.609791267657173	0.502654453544615	0.910546822947477	-1.45613939599738
genus_Ictidomys	-0.447213595499958	-0.447213595499958	-0.447213595499958	1.78885438199983	-0.447213595499958
genus_Methanobacterium	1.78885438199983	-0.447213595499958	-0.447213595499958	-0.447213595499958	-0.447213595499958
genus_Acidomyces	1.69774231415004	-0.405244800254246	-0.687930976515468	0.0833644391351436	-0.687930976515468
genus_Acetivibrio	-0.684085476726509	-0.684085476726509	0.531050971627198	-0.684085476726509	1.52120545855233
genus_Drosophila	1.78885438199983	-0.447213595499958	-0.447213595499958	-0.447213595499958	-0.447213595499958
genus_Cercospora	1.67692383966619	-0.402714507199643	0.0487369312262524	-0.389187652178979	-0.933758611513819
genus_Shigella	1.78885438199983	-0.447213595499958	-0.447213595499958	-0.447213595499958	-0.447213595499958
genus_Pneumocystis	-0.447213595499958	-0.447213595499958	1.78885438199983	-0.447213595499958	-0.447213595499958
genus_Salinimicrobium	1.78885438199983	-0.447213595499958	-0.447213595499958	-0.447213595499958	-0.447213595499958
genus_Domibacillus	-0.628783003773061	0.223890310697005	-0.628783003773061	1.66245870062218	-0.628783003773061
genus_Stylonychia	1.78885438199983	-0.447213595499958	-0.447213595499958	-0.447213595499958	-0.447213595499958
genus_Leuconostoc	-0.484804270405437	-0.484804270405437	-0.330441018034262	-0.484804270405437	1.78485382925057
genus_Gillisia	-0.640788165898232	-0.640788165898232	0.0332473654196476	-0.470941233497087	1.7192701998739
genus_Chroococcidiopsis	-0.447213595499958	-0.447213595499958	-0.447213595499958	-0.447213595499958	1.78885438199983
genus_Halobacillus	-0.447213595499958	-0.447213595499958	-0.447213595499958	-0.447213595499958	1.78885438199983
genus_Piriformospora	-0.95777583555922	0.886659367962135	0.817164821027489	0.448696030067748	-1.19474438349815
genus_Epilithonimonas	-0.567021539269603	-0.711484637263512	1.58067197138714	0.409318842409489	-0.711484637263512
genus_Peptoniphilus	-1.04141032222338	0.192315445119919	0.886350576096338	-1.04141032222338	1.00415462323051
genus_Trichosporon	1.17927889523341	0.673022308598824	-0.027754372096061	-1.40779656548659	-0.416750266249575
genus_Devosia	-0.447213595499958	1.78885438199983	-0.447213595499958	-0.447213595499958	-0.447213595499958
genus_Abiotrophia	-0.82172115604776	-0.82172115604776	-0.511834684424689	0.897410207802759	1.25786678871745
genus_Moesziomyces	1.73369543277847	-0.575689801341551	-0.575689801341551	-0.00662602875381923	-0.575689801341551
genus_Kwoniella	1.58279841810959	0.388448498871493	-0.477109229676823	-0.747068843652129	-0.747068843652129
genus_Oscillatoria	-0.660256912252182	-0.660256912252182	0.386044374537005	-0.660256912252182	1.59472636221954
genus_Novosphingobium	0.436304766733005	-0.668990447630652	-0.668990447630652	1.57066657615895	-0.668990447630652
genus_Ruminococcus	1.78885438199983	-0.447213595499958	-0.447213595499958	-0.447213595499958	-0.447213595499958
genus_Thermoascus	0.799690285147847	0.342079325098929	-0.0669641921408945	0.616154753052015	-1.6909601711579
genus_Meleagris	-0.447213595499958	-0.447213595499958	1.78885438199983	-0.447213595499958	-0.447213595499958
genus_Rickettsiella	-0.589595658572058	1.75701141196658	-0.448168934156759	-0.129651160665705	-0.589595658572058
genus_Torrubiella	1.03872777265503	-0.971870085978812	-0.971870085978812	1.01038520303307	-0.105372803730472
genus_Verticillium	1.25129119867302	-0.589975879366935	-0.789123982739747	0.916932646173414	-0.789123982739747
genus_Gracilibacillus	-0.447213595499958	-0.447213595499958	1.78885438199983	-0.447213595499958	-0.447213595499958
genus_Rhodococcus	1.78885438199983	-0.447213595499958	-0.447213595499958	-0.447213595499958	-0.447213595499958
genus_Cyphellophora	1.77433819172667	-0.223377298859612	-0.516986964289018	-0.516986964289018	-0.516986964289018
genus_Didymobotryum	0.153239737096916	0.0520019782607178	1.55472314017787	-0.817088913527973	-0.942875942007529
genus_Symbiotaphrina	1.78885438199983	-0.447213595499958	-0.447213595499958	-0.447213595499958	-0.447213595499958
genus_Oropetium	-0.42511839933234	1.54383193762008	0.451184466259002	-0.78494900227337	-0.78494900227337
genus_Diplodia	1.4784643166872	-0.0314893184270993	-0.23721651143726	0.111054488015322	-1.32081297483816
genus_Anoxybacillus	1.66771436583479	-0.721713522643606	-0.245573626176458	0.092648015581186	-0.793075232595907
genus_Shewanella	-0.447213595499958	-0.447213595499958	-0.447213595499958	-0.447213595499958	1.78885438199983
genus_Blautia	-0.54537750726707	-0.54537750726707	-0.122472230936299	-0.54537750726707	1.75860475273751
genus_Paucisalibacillus	0.877032041487384	-0.722457647507015	-0.722457647507015	-0.722457647507015	1.29034090103366
genus_Skermanella	-0.447213595499958	-0.447213595499958	1.78885438199983	-0.447213595499958	-0.447213595499958
genus_Macrostomum	-0.558224981267096	1.74917257957366	-0.0744976357723727	-0.558224981267096	-0.558224981267096
genus_Methylobacterium	1.70962691575831	-0.6279618946472	-0.6279618946472	-0.531466289710641	0.0777631632467324
genus_Plutella	0.0772715950681063	-0.191323334755776	1.6614064069438	-0.773677333628064	-0.773677333628064
genus_Alicyclobacillus	1.78885438199983	-0.447213595499958	-0.447213595499958	-0.447213595499958	-0.447213595499958
genus_Halomonas	1.78885438199983	-0.447213595499958	-0.447213595499958	-0.447213595499958	-0.447213595499958
genus_Desulfosporosinus	1.38445589319175	-0.711730159773853	-0.711730159773853	-0.711730159773853	0.750734586129812
genus_Stachybotrys	0.039241371544415	-0.924747550186637	0.525016729411557	1.36402747400768	-1.00353802477701
genus_Alkanindiges	1.56986542224996	-0.212179275574795	0.311665354764764	-0.834675750719964	-0.834675750719964
genus_Phialophora	1.78885438199983	-0.447213595499958	-0.447213595499958	-0.447213595499958	-0.447213595499958
genus_Paxillus	0.196604093562943	0.889768859063882	0.997431892435593	-1.08471895925478	-0.999085885807635
genus_Serratia	-0.447213595499958	-0.447213595499958	-0.447213595499958	-0.447213595499958	1.78885438199983
genus_Endocarpon	1.53515375444511	0.505366506167614	-0.680173420204242	-0.680173420204242	-0.680173420204242
genus_Theobroma	-0.447213595499958	-0.447213595499958	-0.447213595499958	-0.447213595499958	1.78885438199983
genus_Granulicatella	-0.999974344943361	-0.999974344943361	0.89700582197369	0.00960351217327337	1.09333935573976
genus_Dothistroma	1.34393822374548	-0.0392417684784257	-0.955295972457463	0.605895489647874	-0.955295972457463
genus_Lymnaea	-0.721088949411279	1.40427049217567	0.72157997423111	-0.721088949411279	-0.683672567584223
genus_Syntrophomonas	-0.727731946542479	-0.727731946542479	0.973177894350932	-0.727731946542479	1.2100179452765
genus_Brevibacillus	0.0907076666053978	-0.524221366924152	1.44736497736417	0.237437006293475	-1.25128828333889
genus_Ornithinibacillus	1.74793567921663	-0.355567197699797	-0.633466084657506	-0.125436312201821	-0.633466084657506
genus_Onygena	-0.0852875774102141	0.52007403178198	0.0725967780293932	1.08575973904984	-1.593142971451
genus_Primula	-0.447213595499958	1.78885438199983	-0.447213595499958	-0.447213595499958	-0.447213595499958
genus_Arcticibacter	0.282506666047063	0.402116336437912	-0.863222231016989	1.31351180446644	-1.13491257593442
genus_Bradyrhizobium	1.78725037220367	-0.471256634285137	-0.471256634285137	-0.373480469348255	-0.471256634285137
genus_Glonium	1.48891605450819	-0.582924963700862	-1.13400131040808	-0.1422898054766	0.370300025077355
genus_Hevea	-0.447213595499958	1.78885438199983	-0.447213595499958	-0.447213595499958	-0.447213595499958
genus_Athelia	-0.97361482629519	1.05299371199483	0.992793525829321	-0.0985575852337679	-0.97361482629519
genus_Arcobacter	-0.447213595499958	-0.447213595499958	1.78885438199983	-0.447213595499958	-0.447213595499958
genus_Ziziphus	1.6588780878421	-0.533078716246092	-0.675676130330611	0.225552889065215	-0.675676130330611
genus_Cellvibrio	0.558473667684737	-0.598956015587281	1.49795829867271	-0.836815993028424	-0.620659957741741
genus_Suillus	-0.960219919127595	0.249543271206852	1.04674589519877	-1.1333215302392	0.797252282961169
genus_Pyrinomonas	1.78885438199983	-0.447213595499958	-0.447213595499958	-0.447213595499958	-0.447213595499958
genus_Methylophilus	1.78885438199983	-0.447213595499958	-0.447213595499958	-0.447213595499958	-0.447213595499958
genus_Sporomusa	1.78885438199983	-0.447213595499958	-0.447213595499958	-0.447213595499958	-0.447213595499958
genus_Ktedonobacter	-0.586519865903505	0.659557035217907	-0.907043329954152	-0.595535369268152	1.4295415299079
genus_Hypochthonius	-0.447213595499958	-0.447213595499958	1.78885438199983	-0.447213595499958	-0.447213595499958
genus_Scedosporium	-0.119151834307948	0.741228915782707	-0.949808715280462	1.27754034908617	-0.949808715280462
genus_Ixodes	-0.0722580487583593	1.74766497387117	-0.501999955478953	-0.586703484816928	-0.586703484816928
genus_Virgibacillus	-0.447213595499958	-0.447213595499958	-0.447213595499958	1.78885438199983	-0.447213595499958
genus_Ciborinia	-0.851744159074047	1.08303431235665	1.079518516749	-0.459064510957552	-0.851744159074047
genus_Lasallia	1.33255359931265	0.596637793164335	0.00384222648700992	-0.966516809481997	-0.966516809481997
genus_Anthracocystis	-0.861273818297237	1.40743703826653	0.544866127874145	-0.984420573289013	-0.106608774554428
genus_Podospora	1.07003535697563	1.12050604320356	-0.730180466726397	-0.730180466726397	-0.730180466726397
genus_Phi29likevirus	-0.447213595499958	1.78885438199983	-0.447213595499958	-0.447213595499958	-0.447213595499958
genus_Dactylonectria	0.986052563300992	-0.85469965276738	-0.434747640873487	1.16711825168025	-0.86372352134038
genus_Botryosphaeria	1.59030454597726	-1.18370419809808	-0.120120336539122	-0.0586482544466509	-0.227831756893406
genus_Pelotomaculum	1.75876640904198	-0.369509898273302	-0.172272158412892	-0.608492176177891	-0.608492176177891
genus_Arachis	1.78885438199983	-0.447213595499958	-0.447213595499958	-0.447213595499958	-0.447213595499958
genus_Pochonia	-0.1022222989637	-0.550851273182283	-0.550851273182283	1.75477611851055	-0.550851273182283
genus_Graphilbum	1.57360921697352	0.430320589234753	-0.667976602069424	-0.667976602069424	-0.667976602069424
genus_Chitinophaga	1.51770614131346	-0.877891864909292	-0.132793835282779	0.3708714237879	-0.877891864909292
genus_Tilletiaria	-0.523410476731764	-0.118343248477167	0.324495920717426	1.49212290083923	-1.17486509634773
genus_Silybum	-0.447213595499958	1.78885438199983	-0.447213595499958	-0.447213595499958	-0.447213595499958
genus_Myceliophthora	0.0277214908560248	-0.515196891987207	-0.617956033226837	1.72338746758486	-0.617956033226837
genus_Caldilinea	1.78885438199983	-0.447213595499958	-0.447213595499958	-0.447213595499958	-0.447213595499958
genus_Sterkiella	1.54650269849019	-0.676799725043612	-0.676799725043612	0.483896476640647	-0.676799725043612
genus_Trachymyrmex	-0.493275461035828	-0.302942238635214	1.7827686217427	-0.493275461035828	-0.493275461035828
genus_Leptoxyphium	1.39674765185548	-0.853863272779461	-0.918886695241004	-0.261983218792362	0.63798553495735
genus_Leptotrichia	-0.447213595499958	-0.447213595499958	1.78885438199983	-0.447213595499958	-0.447213595499958
genus_Cohnella	0.639106911565555	-0.699022184098982	-0.699022184098982	1.45795964073139	-0.699022184098982
genus_Pedosphaera	1.05420612059205	-0.78512672187075	-0.78512672187075	-0.614515476988807	1.13056280013826
genus_Tremella	1.66901399097953	0.201584507262035	-0.556210718477985	-0.640193842811618	-0.674193936951965
genus_Reticulascus	1.48814752447482	-0.780904743103951	0.562933488061606	-0.796390239323261	-0.473786030109215
genus_Mucor	-0.447213595499958	1.78885438199983	-0.447213595499958	-0.447213595499958	-0.447213595499958
genus_Aneurinibacillus	1.78885438199983	-0.447213595499958	-0.447213595499958	-0.447213595499958	-0.447213595499958
genus_Fagopyrum	-0.447213595499958	-0.447213595499958	1.78885438199983	-0.447213595499958	-0.447213595499958
genus_Weissella	-0.473833142392101	1.78688078106581	-0.365381353889506	-0.473833142392101	-0.473833142392101
genus_Teleopsis	0.00114479640049718	-0.607452641410852	-0.51681767151747	1.73057815793868	-0.607452641410852
genus_Ophiostoma	1.78885438199983	-0.447213595499958	-0.447213595499958	-0.447213595499958	-0.447213595499958
genus_Noviherbaspirillum	1.78885438199983	-0.447213595499958	-0.447213595499958	-0.447213595499958	-0.447213595499958
genus_Amphibacillus	-0.447213595499958	-0.447213595499958	1.78885438199983	-0.447213595499958	-0.447213595499958
genus_Runella	1.58847206179955	-0.742371605037997	-0.481483717566045	0.377754865842487	-0.742371605037997
genus_Bdellovibrio	0.409493318757567	-0.664393052605926	1.58368583906021	-0.664393052605926	-0.664393052605926
genus_Neonectria	1.59768458620223	0.215451998236503	-0.153333427805274	-0.829901578316729	-0.829901578316729
genus_Rheinheimera	1.60342420086547	-0.656832699558102	0.367073897808833	-0.656832699558102	-0.656832699558102
genus_Fistulina	-1.06234497586631	0.990677963862331	0.810328703627496	0.323683284242787	-1.06234497586631
genus_Lacinutrix	-0.178177614247733	-0.529934775218452	-0.529934775218452	1.76798193990309	-0.529934775218452
genus_Candidatus Solibacter	1.78885438199983	-0.447213595499958	-0.447213595499958	-0.447213595499958	-0.447213595499958
genus_Blattella	1.46441454654191	-0.697686022683244	-0.697686022683244	-0.697686022683244	0.628643521507817
genus_Macrococcus	0.383104269720111	-0.659730771443921	-0.659730771443921	-0.659730771443921	1.59608804461165
genus_Cystobasidiopsis	1.47033774546918	0.333228190884694	0.0495955456875659	-0.865333579309876	-0.987827902731562
genus_Pasteurella	-0.531499360013419	-0.531499360013419	-0.172625494981681	1.76712357502194	-0.531499360013419
genus_Conchiformibius	-0.53205523005175	-0.53205523005175	1.76681377813111	-0.170648087975857	-0.53205523005175
genus_Scleroderma	-0.648633038463551	1.62278179012211	0.323117325268539	-0.648633038463551	-0.648633038463551
genus_Phyllosticta	1.69064622019715	-0.208195339961504	-0.000310561572873109	-0.741070159331389	-0.741070159331389
genus_Sporocytophaga	0.212743952359799	-0.626438769259095	1.66657235541749	-0.626438769259095	-0.626438769259095
genus_Algoriphagus	-0.366205673531165	-0.887020691157139	1.03887243542769	-0.887020691157139	1.10137462041775
genus_Acidovorax	-0.447213595499958	-0.447213595499958	1.78885438199983	-0.447213595499958	-0.447213595499958
genus_Diuraphis	-0.72625920736682	-0.72625920736682	1.23789256161211	0.940885060488347	-0.72625920736682
genus_Halococcus	-0.447213595499958	-0.447213595499958	-0.447213595499958	-0.447213595499958	1.78885438199983
genus_Thermomucor	0.36909057852118	-0.447019288819851	-0.109072828716463	1.44156683437766	-1.25456529536253
genus_Phalaenopsis	1.78885438199983	-0.447213595499958	-0.447213595499958	-0.447213595499958	-0.447213595499958
genus_Plasmodium	-0.447213595499958	1.78885438199983	-0.447213595499958	-0.447213595499958	-0.447213595499958
genus_Caldalkalibacillus	-0.447213595499958	-0.447213595499958	-0.447213595499958	-0.447213595499958	1.78885438199983
genus_Magnaporthe	1.65463756840073	-0.540477463446625	0.237587508121525	-0.675873806537814	-0.675873806537814
genus_Nematostella	-0.447213595499958	-0.447213595499958	-0.447213595499958	-0.447213595499958	1.78885438199983
genus_Blumeria	-0.447213595499958	-0.447213595499958	-0.447213595499958	1.78885438199983	-0.447213595499958
genus_Alloiococcus	-0.447213595499958	-0.447213595499958	-0.447213595499958	1.78885438199983	-0.447213595499958
genus_Butyrivibrio	-0.447213595499958	-0.447213595499958	-0.447213595499958	-0.447213595499958	1.78885438199983
genus_Varibaculum	-0.506375617665012	-0.506375617665012	1.77860169951719	-0.506375617665012	-0.259474846522153
genus_Phlebopus	-0.155811448914621	0.875772063233727	1.18267846523327	-0.951319539776187	-0.951319539776187
genus_Xylona	1.6299807595797	0.306097868638782	-0.645359542739493	-0.645359542739493	-0.645359542739493
genus_Rhizobium	1.78885438199983	-0.447213595499958	-0.447213595499958	-0.447213595499958	-0.447213595499958
genus_Pelosinus	-0.207460478675061	-0.558574763406439	1.77037828187298	-0.558574763406439	-0.445768276385037
genus_Tetranychus	-0.447213595499958	1.78885438199983	-0.447213595499958	-0.447213595499958	-0.447213595499958
genus_Fusobacterium	-0.719812659062163	-0.719812659062163	1.31848981899756	-0.719812659062163	0.840948158188927
genus_Microvirga	1.59608849888696	0.0438911447387662	-0.85054143542704	0.0611032272283564	-0.85054143542704
genus_Falciphora	-0.209744253003585	-0.520931851312909	-0.520931851312909	1.77253980694231	-0.520931851312909
genus_Bergeyella	-0.779942715275859	-0.533378763904227	1.43906573626558	0.654198458190368	-0.779942715275859
genus_Erwinia	1.70141027341405	-0.603655646449349	-0.603655646449349	-0.603655646449349	0.109556665933995
genus_Frankia	1.57076450332037	-0.668956938934954	0.43610631348449	-0.668956938934954	-0.668956938934954
genus_Priapulus	-0.447213595499958	-0.447213595499958	1.78885438199983	-0.447213595499958	-0.447213595499958
genus_Risungbinella	-0.447213595499958	-0.447213595499958	-0.447213595499958	-0.447213595499958	1.78885438199983
genus_Alkalibacterium	-0.66652978551136	-0.66652978551136	1.57773729552949	-0.66652978551136	0.421852061004585
genus_Peltaster	1.667302905522	0.207691857303033	-0.56670783134824	-0.654143465738397	-0.654143465738397
genus_Haemonchus	-0.447213595499958	1.78885438199983	-0.447213595499958	-0.447213595499958	-0.447213595499958
genus_Rhytidhysteron	1.06940473354044	0.585001573512942	0.415682392865699	-0.719829177130102	-1.35025952278898
genus_Steganacarus	1.78885438199983	-0.447213595499958	-0.447213595499958	-0.447213595499958	-0.447213595499958
genus_Solibacillus	1.78885438199983	-0.447213595499958	-0.447213595499958	-0.447213595499958	-0.447213595499958
genus_Leptographium	1.3114019123326	0.48919573863401	-1.00023989271459	0.199882134462573	-1.00023989271459
genus_Amauroascus	1.70051183205786	-0.604321611708129	-0.604321611708129	-0.604321611708129	0.112453003066524
genus_Cronobacter	1.78885438199983	-0.447213595499958	-0.447213595499958	-0.447213595499958	-0.447213595499958
genus_Setosphaeria	1.78885438199983	-0.447213595499958	-0.447213595499958	-0.447213595499958	-0.447213595499958
genus_Kalmanozyma	0.817436700362868	-0.717904576453053	1.33627702899629	-0.717904576453053	-0.717904576453053
genus_Macrophomina	0.805125341240702	-0.963337944742548	1.21910474224466	-0.0975541940002623	-0.963337944742548
genus_Clonostachys	1.41582726116758	0.704154014744331	-0.675107084416208	-0.722437095747853	-0.722437095747853
genus_Orchesella	1.78885438199983	-0.447213595499958	-0.447213595499958	-0.447213595499958	-0.447213595499958
genus_Marinomonas	-0.447213595499958	-0.447213595499958	-0.447213595499958	-0.447213595499958	1.78885438199983
genus_Fibrisoma	1.7159854694347	-0.592102247045564	0.0603212717019887	-0.592102247045564	-0.592102247045564
genus_Anaerovorax	-0.447213595499958	-0.447213595499958	-0.447213595499958	-0.447213595499958	1.78885438199983
genus_Cimex	-0.657405220521991	0.370219115093116	-0.657405220521991	-0.657405220521991	1.60199654647286
genus_Austrofundulus	1.78885438199983	-0.447213595499958	-0.447213595499958	-0.447213595499958	-0.447213595499958
genus_Agrobacterium	-0.447213595499958	-0.447213595499958	1.78885438199983	-0.447213595499958	-0.447213595499958
genus_Gilvimarinus	-0.447213595499958	-0.447213595499958	-0.447213595499958	-0.447213595499958	1.78885438199983
genus_Thermosinus	-0.447213595499958	-0.447213595499958	-0.447213595499958	-0.447213595499958	1.78885438199983
genus_Cladosiphon	-0.447213595499958	-0.447213595499958	1.78885438199983	-0.447213595499958	-0.447213595499958
genus_Columba	-0.447213595499958	1.78885438199983	-0.447213595499958	-0.447213595499958	-0.447213595499958
genus_Flexithrix	1.78885438199983	-0.447213595499958	-0.447213595499958	-0.447213595499958	-0.447213595499958
genus_Herbaspirillum	0.439586861481755	-0.959463409112425	1.39974572044704	0.0795942362960569	-0.959463409112425
genus_Haloferula	0.148179462518121	-0.407914128220875	1.67595158801371	-0.708108461155479	-0.708108461155479
genus_Campylobacter	-0.447213595499958	-0.447213595499958	-0.447213595499958	-0.447213595499958	1.78885438199983
genus_Drechslerella	-0.754303725641572	1.34927762900374	0.759503704126491	-0.436069674109835	-0.918407933378827
genus_Brevibacterium	-0.447213595499958	-0.447213595499958	-0.447213595499958	-0.447213595499958	1.78885438199983
genus_Rubrobacter	-1.54717366407653	1.15869254437116	-0.135466389619779	0.0295155844189037	0.494431924906249
genus_Neosynechococcus	1.78885438199983	-0.447213595499958	-0.447213595499958	-0.447213595499958	-0.447213595499958
genus_Paenisporosarcina	-0.481784948198764	-0.481784948198764	1.78729738351813	-0.379683751884769	-0.444043735235831
genus_Endocalyx	0.967320133212914	1.16819105678126	-0.365922429796401	-0.884794380098885	-0.884794380098885
genus_Fibrella	-0.405598746630951	1.37313477953388	0.722459612988615	-0.844997822945772	-0.844997822945772
genus_Cyanothece	-0.466401821993297	1.78783985175359	-0.466401821993297	-0.466401821993297	-0.388634385773699
genus_Ophiocordyceps	0.979533087443023	-0.764671574479082	-0.652436369455982	1.20224643097112	-0.764671574479082
genus_Fluviicola	-0.918479708069572	-0.918479708069572	1.00233868803399	-0.275441873875162	1.11006260198032
genus_Haliscomenobacter	1.78885438199983	-0.447213595499958	-0.447213595499958	-0.447213595499958	-0.447213595499958
genus_Anabaena	1.17140032128184	-0.652317928818452	-1.13087959268011	-0.30084106680241	0.912638267019129
genus_Hirsutella	1.07042023613205	1.11463355677715	-0.628740034455701	-0.726088348029147	-0.830225410424349
genus_Cyphomyrmex	-0.447213595499958	-0.447213595499958	1.78885438199983	-0.447213595499958	-0.447213595499958
genus_Desulfitobacterium	1.78885438199983	-0.447213595499958	-0.447213595499958	-0.447213595499958	-0.447213595499958
genus_Chlorogloeopsis	-0.608049964297645	-0.608049964297645	1.69535787964565	-0.608049964297645	0.128792013247282
genus_Nodularia	-0.447213595499958	-0.447213595499958	-0.447213595499958	-0.447213595499958	1.78885438199983
genus_Pseudozyma	1.30807895409961	0.854450260766902	-0.720843071622169	-0.720843071622169	-0.720843071622169
genus_Rhodopirellula	-0.518448444215102	-0.518448444215102	-0.218340405926415	1.77368573857172	-0.518448444215102
genus_Microbacterium	-0.447213595499958	-0.447213595499958	-0.447213595499958	-0.447213595499958	1.78885438199983
genus_Nitrosopumilus	1.72422046772254	-0.584848734959888	-0.584848734959888	-0.584848734959888	0.0303257371571231
genus_Cicer	-0.447213595499958	-0.447213595499958	-0.447213595499958	1.78885438199983	-0.447213595499958
genus_Cesiribacter	1.78885438199983	-0.447213595499958	-0.447213595499958	-0.447213595499958	-0.447213595499958
genus_Joostella	-0.447213595499958	-0.447213595499958	1.78885438199983	-0.447213595499958	-0.447213595499958
genus_Cylindrospermum	-0.447213595499958	-0.447213595499958	-0.447213595499958	-0.447213595499958	1.78885438199983
genus_Facklamia	1.78885438199983	-0.447213595499958	-0.447213595499958	-0.447213595499958	-0.447213595499958
genus_Tetragenococcus	-0.447213595499958	-0.447213595499958	1.78885438199983	-0.447213595499958	-0.447213595499958
genus_Pseudobacteroides	-0.446015286532733	-0.579408432201232	-0.157245058795352	-0.579408432201232	1.76207720973055
genus_Geobacter	-0.702076052755514	-0.702076052755514	-0.702076052755514	0.663775459738614	1.44245269852793
genus_Elizabethkingia	1.78885438199983	-0.447213595499958	-0.447213595499958	-0.447213595499958	-0.447213595499958
genus_Penstemon	1.7643012611789	-0.536404274148256	-0.155088438734132	-0.536404274148256	-0.536404274148256
genus_Actinoplanes	1.57513022159886	-0.466191730473386	0.401377050992146	-0.755157771058808	-0.755157771058808
genus_Pleurobrachia	-0.447213595499958	1.78885438199983	-0.447213595499958	-0.447213595499958	-0.447213595499958
genus_Nocardioides	1.02383588007868	-0.622177406474793	-0.780786311901267	-0.780786311901267	1.15991415019865
genus_Empedobacter	-0.454058746436875	-0.426551241978541	-0.454058746436875	-0.454058746436875	1.78872748128917
genus_Dendrobium	1.47235531204321	0.615607883585059	-0.695987731876089	-0.695987731876089	-0.695987731876089
genus_Eurytemora	-0.447213595499958	-0.447213595499958	1.78885438199983	-0.447213595499958	-0.447213595499958
genus_Microlunatus	1.78885438199983	-0.447213595499958	-0.447213595499958	-0.447213595499958	-0.447213595499958
genus_Holtermanniella	1.07496467563264	-0.730221006195908	1.11569834295509	-0.730221006195908	-0.730221006195908
genus_Blastomyces	-0.447213595499958	1.78885438199983	-0.447213595499958	-0.447213595499958	-0.447213595499958
genus_Chthoniobacter	1.78885438199983	-0.447213595499958	-0.447213595499958	-0.447213595499958	-0.447213595499958
genus_Sunxiuqinia	-0.838273944573054	-0.838273944573054	0.367662301084468	-0.240774296607927	1.54965988466957
genus_Aquilaria	-0.571152424523788	-0.0245734708098033	1.73803074438117	-0.571152424523788	-0.571152424523788
genus_Trichophyton	1.78885438199983	-0.447213595499958	-0.447213595499958	-0.447213595499958	-0.447213595499958
genus_Basidioascus	-0.700986805287556	1.44811054029107	0.654849875571595	-0.700986805287556	-0.700986805287556
genus_Olivibacter	0.609423170142401	-0.695169008539118	-0.695169008539118	1.47608385547495	-0.695169008539118
genus_Herbinix	-0.447213595499958	-0.447213595499958	-0.447213595499958	1.78885438199983	-0.447213595499958
genus_Albophoma	1.7744735088777	-0.224435734434753	-0.516679258147648	-0.516679258147648	-0.516679258147648
genus_Cytophaga	1.00803896318169	-0.852026819997148	1.15104526700912	-0.455030590196513	-0.852026819997148
genus_Salegentibacter	-0.741821563123477	-0.741821563123477	-0.346135744249631	0.171402304873814	1.65837656562277
genus_Solitalea	1.76083209516895	-0.610355912625084	-0.335392743515765	-0.204727526403015	-0.610355912625084
genus_Belgica	-0.447213595499958	-0.447213595499958	-0.447213595499958	1.78885438199983	-0.447213595499958
genus_Lachnoclostridium	-0.447213595499958	-0.447213595499958	-0.447213595499958	-0.447213595499958	1.78885438199983
genus_Rahnella	-0.447213595499958	-0.447213595499958	1.78885438199983	-0.447213595499958	-0.447213595499958
genus_Polaribacter	-0.447213595499958	-0.447213595499958	-0.447213595499958	1.78885438199983	-0.447213595499958
genus_Hyaloperonospora	1.64464413277666	-0.638268220746307	-0.638268220746307	0.270160529462256	-0.638268220746307
genus_Gaeumannomyces	1.78885438199983	-0.447213595499958	-0.447213595499958	-0.447213595499958	-0.447213595499958
genus_Lotus	-0.343850589861789	1.78571449659254	-0.480621302243584	-0.480621302243584	-0.480621302243584
genus_Nitrosomonas	-0.447213595499958	1.78885438199983	-0.447213595499958	-0.447213595499958	-0.447213595499958
genus_Verrucomicrobium	-0.838830611217694	0.989604954307214	1.17369605911714	-0.485639790988968	-0.838830611217694
genus_Dorcoceras	1.78885438199983	-0.447213595499958	-0.447213595499958	-0.447213595499958	-0.447213595499958
genus_Paludibacter	1.78885438199983	-0.447213595499958	-0.447213595499958	-0.447213595499958	-0.447213595499958
genus_Nodosilinea	-0.447213595499958	-0.447213595499958	-0.447213595499958	-0.447213595499958	1.78885438199983
genus_Silene	1.78885438199983	-0.447213595499958	-0.447213595499958	-0.447213595499958	-0.447213595499958
genus_Byssoonygena	1.11022116150696	-0.730256554611562	-0.730256554611562	1.08054850232773	-0.730256554611562
genus_Aureimonas	1.78885438199983	-0.447213595499958	-0.447213595499958	-0.447213595499958	-0.447213595499958
genus_Anaerobacillus	1.78885438199983	-0.447213595499958	-0.447213595499958	-0.447213595499958	-0.447213595499958
genus_Urostyla	1.78885438199983	-0.447213595499958	-0.447213595499958	-0.447213595499958	-0.447213595499958
genus_Mayetiola	-0.447213595499958	-0.447213595499958	-0.447213595499958	1.78885438199983	-0.447213595499958
genus_Lyngbya	-0.447213595499958	1.78885438199983	-0.447213595499958	-0.447213595499958	-0.447213595499958
genus_Thalassobacillus	-0.447213595499958	-0.447213595499958	1.78885438199983	-0.447213595499958	-0.447213595499958
genus_Dysgonomonas	1.64474708657582	-0.638216280830983	-0.638216280830983	0.269901755917125	-0.638216280830983
genus_Spizellomyces	1.78885438199983	-0.447213595499958	-0.447213595499958	-0.447213595499958	-0.447213595499958
genus_Calonectria	-0.464614281603451	-0.394179345163021	1.78802218997337	-0.464614281603451	-0.464614281603451
genus_Granulicella	0.085748857710785	-0.598123792847293	-0.598123792847293	1.70862252083109	-0.598123792847293
genus_Oscillibacter	-0.477662047188663	-0.477662047188663	-0.35327145121858	-0.477662047188663	1.78625759278457
genus_Terribacillus	-0.447213595499958	-0.447213595499958	1.78885438199983	-0.447213595499958	-0.447213595499958
genus_Rudanella	1.78885438199983	-0.447213595499958	-0.447213595499958	-0.447213595499958	-0.447213595499958
genus_Clavispora	-0.447213595499958	-0.447213595499958	-0.447213595499958	-0.447213595499958	1.78885438199983
genus_Caulobacter	1.78885438199983	-0.447213595499958	-0.447213595499958	-0.447213595499958	-0.447213595499958
genus_Jiangella	-0.447213595499958	-0.447213595499958	1.78885438199983	-0.447213595499958	-0.447213595499958
genus_Holdemanella	-0.447213595499958	-0.447213595499958	-0.447213595499958	-0.447213595499958	1.78885438199983
genus_Proteiniphilum	1.70382211425727	-0.601843218513956	0.101707541284593	-0.601843218513956	-0.601843218513956
genus_Muricauda	0.864987391463292	-0.721613547712076	1.29985325167294	-0.721613547712076	-0.721613547712076
genus_Caldicoprobacter	1.78885438199983	-0.447213595499958	-0.447213595499958	-0.447213595499958	-0.447213595499958
genus_Mortierella	-0.525628006919219	-0.525628006919219	1.77024239425683	-0.193358373499169	-0.525628006919219
genus_Brevundimonas	-0.447213595499958	-0.447213595499958	1.78885438199983	-0.447213595499958	-0.447213595499958
genus_Alloascoidea	0.974606856447708	-0.890358653765439	1.1579583256221	-0.351847874538932	-0.890358653765439
genus_Clupea	-0.447213595499958	1.78885438199983	-0.447213595499958	-0.447213595499958	-0.447213595499958
genus_Tetmemena	0.00731771749765501	-0.579174867837044	1.73020688601348	-0.579174867837044	-0.579174867837044
genus_Eichhornia	1.78885438199983	-0.447213595499958	-0.447213595499958	-0.447213595499958	-0.447213595499958
genus_Thermobacillus	1.78885438199983	-0.447213595499958	-0.447213595499958	-0.447213595499958	-0.447213595499958
genus_Biomphalaria	1.57860308096522	0.15256705728038	-0.0146142980818091	-0.783311087778296	-0.933244752385498
genus_Catharanthus	1.78885438199983	-0.447213595499958	-0.447213595499958	-0.447213595499958	-0.447213595499958
genus_Opitutus	-0.447213595499958	-0.447213595499958	-0.447213595499958	-0.447213595499958	1.78885438199983
genus_Histoplasma	-0.447213595499958	1.78885438199983	-0.447213595499958	-0.447213595499958	-0.447213595499958
genus_Owenweeksia	-0.486807131170901	-0.486807131170901	1.78440259764743	-0.323981204134724	-0.486807131170901
genus_Thiothrix	-0.447213595499958	-0.447213595499958	-0.447213595499958	1.78885438199983	-0.447213595499958
genus_Haloplasma	1.78885438199983	-0.447213595499958	-0.447213595499958	-0.447213595499958	-0.447213595499958
genus_Pontibacillus	-0.730187869373126	1.07086290100782	-0.730187869373126	1.11970070711156	-0.730187869373126
genus_Roseivirga	-0.447213595499958	-0.447213595499958	-0.447213595499958	1.78885438199983	-0.447213595499958
genus_Micavibrio	1.78885438199983	-0.447213595499958	-0.447213595499958	-0.447213595499958	-0.447213595499958
genus_Knoxdaviesia	1.78885438199983	-0.447213595499958	-0.447213595499958	-0.447213595499958	-0.447213595499958
genus_Globodera	0.127382653155394	0.0578077175956594	1.56492290292781	-0.875056636839431	-0.875056636839431
genus_Roseiflexus	1.71922916323569	-0.589315351041496	-0.589315351041496	-0.589315351041496	0.0487168898888013
genus_Tepidanaerobacter	1.78885438199983	-0.447213595499958	-0.447213595499958	-0.447213595499958	-0.447213595499958
genus_Parasitella	-0.800203516575844	-0.578431741775402	1.01493388329298	1.16390489163411	-0.800203516575844
genus_Thermogemmatispora	1.34320286404357	0.446866383514119	0.166345761728227	-0.812880942068159	-1.14353406721776
genus_Kytococcus	1.78885438199983	-0.447213595499958	-0.447213595499958	-0.447213595499958	-0.447213595499958
genus_Echinicola	1.78885438199983	-0.447213595499958	-0.447213595499958	-0.447213595499958	-0.447213595499958
genus_Arabidopsis	-0.447213595499958	1.78885438199983	-0.447213595499958	-0.447213595499958	-0.447213595499958
genus_Citrobacter	-0.408371095923155	-0.460011999024072	1.78840709299537	-0.460011999024072	-0.460011999024072
genus_Aethionema	-0.447213595499958	-0.447213595499958	1.78885438199983	-0.447213595499958	-0.447213595499958
genus_Emticicia	1.78885438199983	-0.447213595499958	-0.447213595499958	-0.447213595499958	-0.447213595499958
genus_Hungatella	-0.447213595499958	-0.447213595499958	1.78885438199983	-0.447213595499958	-0.447213595499958
genus_Raffaelea	1.78885438199983	-0.447213595499958	-0.447213595499958	-0.447213595499958	-0.447213595499958
genus_Fulvivirga	-0.447213595499958	-0.447213595499958	1.78885438199983	-0.447213595499958	-0.447213595499958
genus_Nosema	1.78885438199983	-0.447213595499958	-0.447213595499958	-0.447213595499958	-0.447213595499958
genus_Candidatus Nitrosoarchaeum	1.78885438199983	-0.447213595499958	-0.447213595499958	-0.447213595499958	-0.447213595499958
genus_Thermobaculum	1.78885438199983	-0.447213595499958	-0.447213595499958	-0.447213595499958	-0.447213595499958
genus_Balansia	1.78885438199983	-0.447213595499958	-0.447213595499958	-0.447213595499958	-0.447213595499958
genus_Sphaerobacter	1.78885438199983	-0.447213595499958	-0.447213595499958	-0.447213595499958	-0.447213595499958
genus_Aequorivita	-0.447213595499958	1.78885438199983	-0.447213595499958	-0.447213595499958	-0.447213595499958
genus_Acetonema	1.78885438199983	-0.447213595499958	-0.447213595499958	-0.447213595499958	-0.447213595499958
genus_Daphnia	-0.447213595499958	1.78885438199983	-0.447213595499958	-0.447213595499958	-0.447213595499958
genus_Aquimarina	1.09560347408727	-0.730296738761302	1.09528674219664	-0.730296738761302	-0.730296738761302
genus_Lunatimonas	1.78885438199983	-0.447213595499958	-0.447213595499958	-0.447213595499958	-0.447213595499958
genus_Lysobacter	-0.447213595499958	-0.447213595499958	-0.447213595499958	1.78885438199983	-0.447213595499958
genus_Sordaria	1.78885438199983	-0.447213595499958	-0.447213595499958	-0.447213595499958	-0.447213595499958
genus_Candidatus Protochlamydia	-0.447213595499958	1.78885438199983	-0.447213595499958	-0.447213595499958	-0.447213595499958
genus_Terriglobus	-0.712784289518387	-0.712784289518387	1.37702312876873	0.761329739786428	-0.712784289518387
genus_Microchaete	-0.173244686567284	-0.531325151625647	-0.531325151625647	-0.531325151625647	1.76722014144423
genus_Holtermannia	-0.447213595499958	1.78885438199983	-0.447213595499958	-0.447213595499958	-0.447213595499958
genus_Pseudopedobacter	-0.151244346701602	-0.537471918642309	-0.537471918642309	-0.537471918642309	1.76366010262853
genus_Linum	1.78885438199983	-0.447213595499958	-0.447213595499958	-0.447213595499958	-0.447213595499958
genus_Tsuchiyaea	1.78885438199983	-0.447213595499958	-0.447213595499958	-0.447213595499958	-0.447213595499958
genus_Magnaporthiopsis	1.65475480688373	0.244281564344898	-0.633012123742876	-0.633012123742876	-0.633012123742876
genus_Singulisphaera	0.928638024366492	-0.483257909686247	-0.836206607777809	1.22703310087537	-0.836206607777809
genus_Batrachochytrium	-0.447213595499958	1.78885438199983	-0.447213595499958	-0.447213595499958	-0.447213595499958
genus_Anaerosalibacter	1.78885438199983	-0.447213595499958	-0.447213595499958	-0.447213595499958	-0.447213595499958
genus_Saccharina	1.78885438199983	-0.447213595499958	-0.447213595499958	-0.447213595499958	-0.447213595499958
genus_Diachasma	-0.447213595499958	-0.447213595499958	1.78885438199983	-0.447213595499958	-0.447213595499958
genus_Marinifilum	-0.447213595499958	-0.447213595499958	1.78885438199983	-0.447213595499958	-0.447213595499958
genus_Lentibacillus	-0.447213595499958	1.78885438199983	-0.447213595499958	-0.447213595499958	-0.447213595499958
genus_Nitrospira	1.78885438199983	-0.447213595499958	-0.447213595499958	-0.447213595499958	-0.447213595499958
genus_Hyphomicrobium	1.78885438199983	-0.447213595499958	-0.447213595499958	-0.447213595499958	-0.447213595499958
genus_Tamlana	-0.447213595499958	-0.447213595499958	1.78885438199983	-0.447213595499958	-0.447213595499958
genus_Jeotgalibacillus	-0.447213595499958	-0.447213595499958	1.78885438199983	-0.447213595499958	-0.447213595499958
genus_Amycolatopsis	-0.447213595499958	-0.447213595499958	-0.447213595499958	1.78885438199983	-0.447213595499958
genus_Tannerella	1.78885438199983	-0.447213595499958	-0.447213595499958	-0.447213595499958	-0.447213595499958
genus_Syntrophaceticus	1.78885438199983	-0.447213595499958	-0.447213595499958	-0.447213595499958	-0.447213595499958
genus_Akkermansia	-0.447213595499958	-0.447213595499958	-0.447213595499958	-0.447213595499958	1.78885438199983
genus_Fictibacillus	-0.654322659261526	1.6095619823879	-0.654322659261526	0.353405995396684	-0.654322659261526
genus_Sporolactobacillus	-0.447213595499958	1.78885438199983	-0.447213595499958	-0.447213595499958	-0.447213595499958
genus_Porphyrobacter	1.78885438199983	-0.447213595499958	-0.447213595499958	-0.447213595499958	-0.447213595499958
genus_Schlesneria	-0.447213595499958	-0.447213595499958	1.78885438199983	-0.447213595499958	-0.447213595499958
genus_Galbibacter	-0.447213595499958	1.78885438199983	-0.447213595499958	-0.447213595499958	-0.447213595499958
genus_Neochlamydia	-0.447213595499958	1.78885438199983	-0.447213595499958	-0.447213595499958	-0.447213595499958
genus_Candidatus Microthrix	1.78885438199983	-0.447213595499958	-0.447213595499958	-0.447213595499958	-0.447213595499958
genus_Actinobacillus	-0.723479332223098	-0.723479332223098	0.892433601007531	-0.723479332223098	1.27800439566176
genus_Vitellibacter	-0.447213595499958	-0.447213595499958	-0.447213595499958	-0.447213595499958	1.78885438199983
genus_Aphanizomenon	-0.447213595499958	-0.447213595499958	-0.447213595499958	-0.447213595499958	1.78885438199983
genus_Afipia	1.78885438199983	-0.447213595499958	-0.447213595499958	-0.447213595499958	-0.447213595499958
genus_Edaphobacter	1.78885438199983	-0.447213595499958	-0.447213595499958	-0.447213595499958	-0.447213595499958
genus_Methylomonas	1.78885438199983	-0.447213595499958	-0.447213595499958	-0.447213595499958	-0.447213595499958
genus_Colwellia	-0.447213595499958	1.78885438199983	-0.447213595499958	-0.447213595499958	-0.447213595499958
genus_Bhargavaea	-0.447213595499958	-0.447213595499958	1.78885438199983	-0.447213595499958	-0.447213595499958
genus_Buchnera	-0.447213595499958	1.78885438199983	-0.447213595499958	-0.447213595499958	-0.447213595499958
genus_Helicobacter	-0.447213595499958	-0.447213595499958	1.78885438199983	-0.447213595499958	-0.447213595499958
genus_Lewinella	1.78885438199983	-0.447213595499958	-0.447213595499958	-0.447213595499958	-0.447213595499958
genus_Mangrovimonas	1.78885438199983	-0.447213595499958	-0.447213595499958	-0.447213595499958	-0.447213595499958
genus_Ilumatobacter	1.78885438199983	-0.447213595499958	-0.447213595499958	-0.447213595499958	-0.447213595499958
genus_Nonomuraea	1.78885438199983	-0.447213595499958	-0.447213595499958	-0.447213595499958	-0.447213595499958
genus_Nitrosospira	-0.447213595499958	1.78885438199983	-0.447213595499958	-0.447213595499958	-0.447213595499958
genus_Rhodnius	-0.447213595499958	1.78885438199983	-0.447213595499958	-0.447213595499958	-0.447213595499958
genus_Rivularia	1.78885438199983	-0.447213595499958	-0.447213595499958	-0.447213595499958	-0.447213595499958
genus_Sneathia	-0.447213595499958	-0.447213595499958	-0.447213595499958	1.78885438199983	-0.447213595499958
genus_Fenollaria	1.78885438199983	-0.447213595499958	-0.447213595499958	-0.447213595499958	-0.447213595499958
genus_Streptosporangium	1.78885438199983	-0.447213595499958	-0.447213595499958	-0.447213595499958	-0.447213595499958
genus_Frondihabitans	1.78885438199983	-0.447213595499958	-0.447213595499958	-0.447213595499958	-0.447213595499958
genus_Opisthocomus	-0.447213595499958	-0.447213595499958	-0.447213595499958	-0.447213595499958	1.78885438199983
genus_Capsella	-0.447213595499958	1.78885438199983	-0.447213595499958	-0.447213595499958	-0.447213595499958
genus_Glycomyces	-0.447213595499958	-0.447213595499958	1.78885438199983	-0.447213595499958	-0.447213595499958
genus_Gemmata	1.78885438199983	-0.447213595499958	-0.447213595499958	-0.447213595499958	-0.447213595499958
genus_Allofustis	-0.447213595499958	-0.447213595499958	1.78885438199983	-0.447213595499958	-0.447213595499958
genus_Prorocentrum	-0.447213595499958	-0.447213595499958	-0.447213595499958	-0.447213595499958	1.78885438199983
genus_Ethanoligenens	1.78885438199983	-0.447213595499958	-0.447213595499958	-0.447213595499958	-0.447213595499958
genus_Cotesia	-0.447213595499958	-0.447213595499958	1.78885438199983	-0.447213595499958	-0.447213595499958
genus_Kineococcus	1.78885438199983	-0.447213595499958	-0.447213595499958	-0.447213595499958	-0.447213595499958
genus_Photorhabdus	-0.447213595499958	-0.447213595499958	-0.447213595499958	-0.447213595499958	1.78885438199983
genus_Faecalicoccus	-0.447213595499958	-0.447213595499958	-0.447213595499958	-0.447213595499958	1.78885438199983
genus_Methylocaldum	1.78885438199983	-0.447213595499958	-0.447213595499958	-0.447213595499958	-0.447213595499958
genus_Sediminibacter	-0.447213595499958	-0.447213595499958	1.78885438199983	-0.447213595499958	-0.447213595499958
genus_Myxococcus	-0.447213595499958	-0.447213595499958	-0.447213595499958	1.78885438199983	-0.447213595499958
genus_Moelleriella	-0.447213595499958	-0.447213595499958	-0.447213595499958	1.78885438199983	-0.447213595499958
genus_Planctopirus	-0.447213595499958	-0.447213595499958	-0.447213595499958	1.78885438199983	-0.447213595499958
genus_Frigoribacterium	1.78885438199983	-0.447213595499958	-0.447213595499958	-0.447213595499958	-0.447213595499958
genus_Streptobacillus	-0.447213595499958	-0.447213595499958	1.78885438199983	-0.447213595499958	-0.447213595499958
genus_Homolaphlyctis	1.78885438199983	-0.447213595499958	-0.447213595499958	-0.447213595499958	-0.447213595499958
