,xinexpo22_I12,xinexpo51_I6,xinexpo56_I5,xinexpo44_I15,xinexpo28_I15,xinexpo74_I6,xinexpo56_I12,xinexpo70_I6,xinexpo62_I6,xinexpo75_I12
Firmicutes,15694.9904333328,19593.7171822592,41449.0582766634,51723.9413712942,59036.0582276187,80336.5190574524,47603.0835680128,104187.187936371,101822.107132592,49350.4064092378
Proteobacteria,101729.74263994,28245.9660287127,37620.7770314137,71981.9856822813,75731.6784612423,75356.8498889296,77853.7709218602,98692.8444455718,482170.593705276,142311.347565777
Actinobacteria,97986.6748604447,18641.3280128417,44229.5103456115,44629.6061455068,67495.5734943474,64600.7190435917,76781.5940457437,205850.395905224,61002.063369588,128215.551921492
Basidiomycota,29296.991366018,422697.266031404,292771.505789977,343137.357393967,155198.586933193,185938.735033256,170453.467407598,23762.0660974122,16311.827450226,20150.7783115924
Streptophyta,55453.2578850171,16870.9732804817,31510.695809653,6323.90463987892,35691.8980302855,16442.6028543676,75164.9232567143,95864.1924876267,19316.7638736846,59620.4148262618
Ascomycota,77980.7827800463,15718.1555870551,37264.9949629998,24499.9091245834,54762.9816207311,70865.6193135219,30282.1593036486,6618.1467139192,8493.30421361935,10136.8357048177
Bacteroidetes,34269.5401645932,9120.07637878817,13481.4922761527,12539.808656874,34241.0916058801,36701.0971098219,16882.3024225915,48365.8920672332,11051.9520955776,6810.28937729776
Cyanobacteria,2162.51715722382,2138.40869506853,4172.10845735476,3546.42485748087,3637.31522633454,4454.43485608925,9385.81886752714,178.229762421039,7385.99392321728,239074.486376663
Deinococcus-Thermus,142.451627664486,262.252862145639,1156.61848784021,335.445093842685,3579.19745650826,4906.51336372709,545.027673633031,2658.06662919712,355.449344878824,21805.0281682075
Fusobacteria,81.2873291983013,224.63753796366,264.194242469065,451.374968666353,514.036464834192,1674.80121126938,1405.5914664922,701.639944432468,527.867585872155,2930.15178517809
Arthropoda,281.305589916532,167.858652880963,1097.42318863297,344.224571584329,423.910113958551,3095.89428407061,1021.5432461689,1192.04504340702,1134.95754116384,2225.60314654571
Chordata,15.2078098269556,50.7544350247603,1153.40584776507,87.7408359030443,45.8701746677171,7456.51203387479,342.596667974221,564.445598182844,229.607937968039,558.992267342608
Acidobacteria,7608.23156266125,100.12321492375,721.459008312964,602.429799186493,1051.68660174384,490.987068349505,1742.09253719372,554.565385910038,1244.6188114404,10807.1782189794
Planctomycetes,4797.07356546925,428.728313228987,499.304044166046,1010.42474005308,725.272936337652,896.403509071052,1399.04054300522,775.884960438854,2129.21162190324,189.279991840542
Chloroflexi,1064.11601094864,49.2812872554876,3572.54274937082,402.212616531502,66.8073232650349,165.357486120187,358.235624754756,1350.4184111989,1.64603635755135,0
Verrucomicrobia,3778.05331668485,146.411944967816,21.5237786478633,1306.08038257067,2356.2304854541,1256.97040613413,3431.47876207686,334.277166264625,1143.8194367705,0
Candidatus Saccharibacteria,1117.04875814462,55.6571287365335,130.115855764458,957.703049159296,374.597714570902,231.619654578907,829.063622031805,1644.68121035951,0,3.66796195250281
Nematoda,489.244484694644,143.497486881747,61.1494869762017,1.68464940547671,0.479335056524388,13.1515230428626,188.660348534073,1229.66060884276,0,242.649766765189
Rotifera,58.6223125226138,0.278761167878079,0,6.66667080876575,0,0,0,15.9392939581511,376.104487326062,0
Spirochaetes,7.33046308835908,0,0,10.2567648786962,545.203534106324,177.995324359704,0.505527255547704,0,279.089781403208,71.2737048818567
Phaeophyceae,605.680178250587,34.9759366370076,549.007869465167,148.532058930456,325.926179512729,17.7392131164021,51.6382492541214,53.1702918587718,1462.46030707415,0
Tenericutes,5.88238225509848,81.1284389705826,0.380922072957975,0,0,936.146172074315,8.04700277068794,0,2.30031660536479,0
Aquificae,0,0,0,0,0,0,0,0,0,0
Cnidaria,272.992931389331,6.37705730665247,56.565789072089,0,11.4769790347253,907.796142971821,135.097480703869,8.33224942293256,0,0
Euryarchaeota,0,0,0,0,0,0,0,274.646829598099,0,0
Armatimonadetes,120.740289057582,103.349868097167,1.00907442217461,18.4487451204273,0.688480998606743,78.065900138593,140.587813719715,0,0,0
Chlorophyta,414.744107594982,163.19515341329,8.73191585897173,49.7166233452994,392.58064553879,198.467757105145,199.68444396652,106.066216062612,0,71.0959931990961
Chlamydiae,1374.91282211584,79.9393849784223,1626.76352210384,34.1079528358227,120.633516312598,2.75913782134228,171.395226597893,1.13667159133481,0,0
Gemmatimonadetes,93.4088628586,57.1628927579833,664.456274871311,211.507151504462,66.5804952046734,6.79610002599586,151.998646649005,0,0,0
Chytridiomycota,1921.04239998669,0,4.42205360229844,0,0,0,0,0,0,0
Platyhelminthes,6.12887122891166,0,0,40.4973760366971,0,0,6.5623863332912,0,0,0
Thaumarchaeota,157.677320941901,1.60568550553333,0,0,0,0,0,26.9876751508902,0,0
Echinodermata,0,0,0,0,0,0,0,0,0,114.309269762627
Nitrospirae,61.251893852756,0,0,1.34458030848071,0,0,0,0,0,0
Bacillariophyta,24.4661001246994,0,0,40.5312900937842,0.224109765759144,1127.27320804939,9.02995597846097,0,0.57507945979703,0
Apicomplexa,0.378540084620081,0.957416028141701,0,11.8476225154303,0,0,0,0,4.30157623359455,0
Eustigmatophyceae,1.15105228583658,0,0,0,0,0,0,0,0,0
Synergistetes,0,0,0,0,0,0,0,0,0,0
Mollusca,0,0,0.751631725912981,0,0,15.1405788391665,0,0,0,0
Thermotogae,0,0,13.9967023623513,0,0,0,0,0,0,0
Ignavibacteriae,18.355899484823,0,0,0,0,0,0,0,11.2984131348959,0
Fibrobacteres,0,0,0,0,0,0,0,0,0,0
Elusimicrobia,0,0,0,0,0,0,0,0,0,0
Entomophthoromycota,12.0177271250195,0,0,0,0,0,0,0,0,0
Xanthophyceae,21.4502052839834,0,0,7.69211656044257,0,0,0,4.76102505407532,0,0
Microsporidia,0,0,0,0,0,0,0,0,0,0
Blastocladiomycota,1.98718904884358,0.523877315909,0,0,0,0,0,0,0,0
Neocallimastigomycota,5.68254841628705,0,0,0,0,0,0,0,0,0
Chlorobi,0,0,0,0,0,0,0,0,0,0
Deferribacteres,0.200999131516076,0,0,0,0,0,0,0,0,0
