,chaoexpo22_I12,chaoexpo51_I6,chaoexpo56_I5,chaoexpo44_I15,chaoexpo28_I15,chaoexpo74_I6,chaoexpo56_I12,chaoexpo70_I6,chaoexpo62_I6,chaoexpo75_I12
Stereaceae,52413.4231989348,344128.260603149,621479.701789719,406136.850577657,80686.9807220041,320683.241705414,19465.2038976534,1227.65859386855,4283.73866873395,108613.218465699
Pinaceae,57151.2549102387,18204.3890715259,1215.83089325434,112.77049959277,1389.92968693197,5027.65209585676,4872.25388600026,13.0550460814344,4295.43856374364,41.5942524262796
Aspergillaceae,5737.45443836442,3706.34740948583,4441.80685393418,6326.1226255978,207903.213297641,3255.37828871645,44922.3097900457,7873.54948360223,12271.1286272753,4519.45017998817
Sporormiaceae,104394.243153123,4730.44105039262,1020.80188458269,5378.69480173155,6679.83892382963,13989.3382606851,16174.0454589098,12536.7442626834,16585.1804659356,863.002322154321
Propionibacteriaceae,244.843775760436,9.25833038919747,1198.33354439382,158.151088577185,2465.55808087388,21.1307060597318,19098.0136654579,4479.47976980657,48.7298025155199,20.1846345071882
Coriolaceae,4482.58777472278,21022.8550415555,42748.1225670381,65732.1270241331,42686.0565199469,8822.20532848578,114637.741816028,16.5397616386891,20047.8741218262,8479.07380998616
Staphylococcaceae,56.1436752927118,168.562096340994,0.340509494143365,7910.73991150549,120.246825302541,6373.23706350809,546.754478783202,542.21268162243,285.616576390193,26.5160431787911
Bacillaceae,526.789007106201,537.641871523972,678.597540442995,469.969037108413,370.012645424788,4161.63459248862,11187.5368494153,47253.8748674162,7295.55993540676,244.335109935667
Enterobacteriaceae,716.587424310664,46.7699456826526,80.2916809109974,107.289478625157,0,0.172904181199297,0,8.6137435926957,370.123346619034,0
Trichocomaceae,361.772909074604,2859.30679949693,207.098183049018,1485.29446287648,229.876105519837,471.154151439884,3603.34618238675,241775.837349981,138.350628261212,7.84118126205493
Moraxellaceae,434.066945363631,24.8586305819011,0.357384532506023,428.330809958144,49.7847316426732,233.711382379742,333.543508888081,36766.8235775327,14011.368071307,140049.853229635
Malasseziaceae,24.0986560994579,103.859186676247,2879.0153380448,107.604147162624,164.271022758682,0,2708.75907239832,12.7065008878404,139.44870125971,2128.15927485278
Sclerotiniaceae,5918.93689709731,313.301792125174,37.5620520202147,34308.5062453774,10.4903483438354,245674.265084474,11.3784964260208,0,0,0
Poaceae,637.278401758488,70.5027426654891,379.371980411674,233.25972623764,2509.18738670198,75.2665202502787,561.508226276148,254.101559637029,50.1426964748097,0.349802133926627
Hydnodontaceae,68.3985113522781,4036.23569157498,1804.86218247346,6897.01780061436,2011.91354035681,3620.73486884074,13863.7537442463,23.1884500710923,1293.34628272286,158.568231241471
Fagaceae,1138.03183678628,14.7504012192999,0.208196629993072,29.7766633346843,75.8681465747287,51.9168877252704,19.6852591030866,1504.10526447293,734.293927854546,29.4530601963543
Pleosporaceae,4308.13889690666,6.20351554225978,10.6879641338071,47.5348974596248,1183.62466064048,9.64355986665909,43.179098583533,0,0,141.534758353898
Oleaceae,39.9582624373765,3.01473947297005,61.3020512823407,6.30688866874479,0,0,202.725472575213,0.298871506370872,0,0
Streptococcaceae,4.24218724707216,4.48383937760426,24.8493357505402,426.934882568981,23.1318156587567,59.5683657811127,4117.92636222048,151.134879531378,59.8314435200514,145.900810179624
Corynebacteriaceae,10.3956400072463,57.8444533713215,3006.32009675175,329.571772053758,1.8546137788539,31.2111751306089,37.8806824120107,5192.93016811996,7.81972283791768,70.8669351196209
Phanerochaetaceae,1766.1609053802,11985.4378317745,25877.037015487,20179.4166098111,4355.95724989879,11479.0148396472,29833.1851395468,43.6557471122932,3356.05687811874,3378.00269874496
Melampsoraceae,182637.57877275,142.688724776226,46.783393006881,134.495880560547,0,196.739814318531,43.718038144478,47.547455635661,10.1753171613032,0
Atheliaceae,3699.14329480052,11963.7628476405,9016.61941847593,11140.2931697616,2051.2472637362,519.121049630477,312.307608123614,0,516.999558837202,5.28608806192553
Canidae,25.6003473868496,61.3095509628723,0.451907886151216,5330.33704557598,89329.2637942771,4933.74516498016,371.424274226614,12612.621304697,25.9054412272406,1198.92850460022
Cladosporiaceae,6279.39618617977,415.721100620696,179.765575202174,777.353953090505,2662.86822319255,1946.13106528425,1614.26947479106,26.6268229700635,346.603044118196,1.26851515789714
Corticiaceae,419.638736326606,4372.47984819277,5075.8159557004,8775.50347202695,4092.26248481923,12046.9308351552,4649.98148825126,1.83589748547678,5.76465357280918,19.2277146481993
Musaceae,3.2382505528434,0,0,0,49.7712020581027,3.73008595346078,0,0,0,0
Mycobacteriaceae,3.25301721165643,26.4416288179169,0,0.908605857844191,0,0,0,0,0,0
Betulaceae,44323.8166835848,95.0892734483457,18.6697905870226,30.3614429964121,17.7136040035384,275.559050400333,987.192664240117,251.482455501331,22.1639234853262,0.788753141522763
Actinomycetaceae,0,0.268306592898858,0,31.4263565058943,0,0,0.483011877204028,188.065807747301,0.765373439509794,0
Omphalotaceae,154.413633577499,477.513166119098,336.609586230158,643.553023357525,14.7208888245436,157.826914335499,1526.43666693797,0,0,14.9722289545138
Hymenochaetaceae,631.049035464148,2484.71103862262,4650.83596920484,4553.27688450356,716.954031616013,2869.30807683392,4151.22449277662,156.767506554936,264.912412153432,274.127517351152
Ustilaginaceae,593.138650204594,32.0186832141676,48.7539753948046,193.514033168021,0.494852237712964,6.74984622945593,72.7076343448195,0,35.9206692505187,0
Pseudomonadaceae,167.439717591061,25.5646021220402,0,28.6398817093139,0,34.7540745078502,0,0,258.75482845361,0
Aureobasidiaceae,160497.699699193,1024.9851743888,0.23187139891079,76.0799340687503,0,0,258.221531017092,0,1.11914531770028,8789.99434667677
Rhizopogonaceae,3.31044679856564,175.468375911062,226.414830394566,1841.41922584892,10373.1025486525,1170.05097734865,2862.8483092568,1.98189599796948,4.4684997710405,2.03524496548289
Mycosphaerellaceae,2529.44673415287,768.414160056949,26.9487290152256,365.411673620376,141.471323164269,460.901208146797,724.943972722066,6.35795521414675,518.528220362579,0.946519547377954
Tricholomataceae,188.888785728469,692.645102280467,3380.90414609973,1142.42588884629,250.508295731059,521.705081502378,334.80024702302,0.610642071012444,0,20.082020384318
Trichinellidae,0,0,0,0,0,0,0,0,0,0
Amaranthaceae,21.7600151538896,96.3642655711749,0,0.0675798658954229,0,0,0,0,0,0
Nectriaceae,930.719552812836,115.127104557066,783.914488628097,674.767450501833,871.088270545896,244.223123240335,2752.5139905974,1799.83536316466,0.725760974238814,0.241240727640399
Cronartiaceae,0,6110.6391335047,0,1768.78505119917,0,18.3500778004211,0,0,0,0
Cytophagaceae,1481.61862703362,119.75730688647,5.28882344678705,459.93343346698,43.9858956806464,181.493016345089,364.733631724712,3143.14454052254,370.64782480545,53.209053931281
Didymellaceae,22295.0828751968,64.6412637207466,0,50.0066651924386,13297.349156605,1992.36922359217,0,0,1.54284019077698,0
Cannabaceae,3082.93496504651,275.912733872531,2.97804694659685,518.583179631327,404.197244834309,256.650224745331,1983.27293432953,1034.02835583048,79.7404297209304,0.177066752173364
Atopobiaceae,0,0,0,0,0,0,0,0,0,0
Pasteurellaceae,7.33426570056565,0.161334058216454,0,25.3665595736609,0.163510726472887,40.1328919362153,28.3344297571813,18.5885057932751,42.4455236548405,1.97677671369104
Alcaligenaceae,3.72714928596191,0,0.341970595951065,0,0,0,0,0,0,0
Herpotrichiellaceae,1979.85713329119,38.5007349264929,69.6572576585361,60.0275992631189,112.312699899186,373.909878565179,129.600151615177,0,0,36.0162887780708
Tremellaceae,638.447933837585,39.5822139460293,176.09952212369,30.5144070126735,0,0,52.5644542220544,340.408314278349,2191.89574695886,0
Paenibacillaceae,146.488325465377,8.47606696088073,5.71384012289679,121.915798916752,60.213040264509,58.4592156163312,198.288173316989,1187.42608841371,196.456326246642,10.7029987267245
Solanaceae,0,131.072454178849,12.1345027252693,4.73655958401234,0,0.306113255744107,0,0,0.820782739488927,0
Sordariaceae,37.1239626636312,8.89570798885479,0,89.552612758626,0,0,0,1203.34737933066,0,0
Pseudeurotiaceae,221.111911520948,120.1638511712,29.8399886256389,175.378658960476,284.889195056178,424.771683612854,9294.39791442804,742.560892358271,1605.90212136439,3.59507408573887
Myxotrichaceae,265.71926980595,600.728547891399,500.916013401653,420.978538330741,46.4333855992824,589.696854132597,1441.29115142802,3680.76895303032,533.730096889334,243.976322560841
Siphoviridae,5.96908561510899,0.758707166206072,53.6617827531603,95.3026345911826,0,199.591234026895,5.77687590861149,0,0,0
Chitinophagaceae,3035.71749598329,64.3952366385726,12.1850681691332,442.709007911709,9184.86717641879,186.936535733542,151.792674034575,11545.3153790818,2.59233873884309,999.863421184238
Thermoactinomycetaceae,101.418881105543,6.72199311014554,131.018402570131,7.6016602148882,122.046233196057,0,1203.3012244694,19.4553994908817,22.8220142866504,31.9634752927331
Gnomoniaceae,3958.85681257972,770.636559868202,3.32066570500362,1770.98033181231,2.28937967786254,2055.24117784781,473.768246372634,0,1074.13301835203,0.701084365319195
Pleurotaceae,175.401528737263,966.582376449118,45.5325447351814,1134.52316732571,71.3890162099381,30.254568920989,29.7696085123254,0,0.913630944713728,0
Cordycipitaceae,100.652669464486,634.619219053042,25.3395143761601,634.025834212878,7.67109017969173,111.022163227846,10799.7213892043,0,0,91.1926277054569
Thermoascaceae,26.7436781856734,16.5732497860176,50.5201646257401,16.4936382957717,0,0.358972471600881,87.176442769155,36015.815310414,22.3660485976824,0
Sphingobacteriaceae,713.214441667562,143.613492469131,29.416776452745,102.747842090806,268.398142969534,156.793164410776,599.843806504502,568.824084050896,3278.52447483516,35.5382624406448
Flavobacteriaceae,253.04506904836,39.9514911231859,21.4997962104326,295.660690611146,1654.35049549194,603.625723413263,74.8492039388934,576.423921620342,0.352517366776883,2564.88452663832
Peniophoraceae,748.874908692081,2480.53901180106,1302.79372224822,1157.62942648838,17.034624911102,264.018088601016,152.720197119596,0,3.37441744595718,0
Helotiaceae,91.7907399933656,436.334150225067,190.127036591482,747.792209579708,46.5408568456416,1093.28559515291,905.963232611958,48.5950932435278,22.5789903814125,302.138016568519
Pucciniaceae,65.5011907762801,0.953927288061249,4.82769655110766,6.77643547694271,0,2.82421328862464,0,0,125.343439664467,0
Filobasidiaceae,2390.45203075399,1.02603706456895,18.7884844023348,19.122315144118,0,0,0,318.217772904103,52.8489580283511,0
Micrococcaceae,9.53577468508939,30.6207983260297,0,929.832562473535,2.15213878670581,186.448903418982,0,624.108288888666,0,3.9243427514272
Dolichopodidae,0,0,0,0,0,0,0,0,0,0
Agaricaceae,50.7822515024256,144.393851412737,436.147698271015,138.762141276623,1196.79958575845,152.063751822624,89.9173965853935,0,0.463012450481969,0
Culicidae,0,0,0,0,0,43.3038564036188,0,0,0,0
Ancylostomatidae,200.819589679933,1.41906307708351,0,0,0,0,0,1.14551961793253,0,0
Agromyzidae,5.22209117085309,0,0,0.774662371007962,0,0,0,0,0.465792839472754,17.9838044816043
Adinetidae,8.61251964970838,0,0,0,0,0,0,0,0,0
Cryphonectriaceae,3582.10354556849,655.05045800543,2.65910942689539,1899.82969547621,10.1064441516827,619.475893767154,313.385679308255,0,383.27229153916,7.41064431340367
Lachnospiraceae,11.3323354816215,0,0,55.340228079259,13.017314931192,0,22.0756906100221,1008.43871078116,0,9.61354631716986
Marchantiaceae,10.9160995796457,38.7174867093405,1.16765163520531,11.2135362746536,0,0,0,0,0,0
Apiaceae,32.5168531946512,0,0,2.36979020993564,1.97752809054575,0,77.6217043473294,0,57.154942738237,0
Bondarzewiaceae,0,179.64810619247,321.554483975223,200.022512756108,15.5901381646033,30.9997738412384,1039.58730560245,0,27.1205283491902,0
Calliphoridae,0,0,0,0,0,0,0,2033.69933947161,0,0
Rhodobacteraceae,0,0,0,8.11488564126917,0,247.320552485494,0,0,0,10473.3825669424
Schizophyllaceae,103.506622537802,2537.69509087082,2681.34813148348,5414.7039402321,159.506429402008,573.775359549866,621.576658501517,0.512255864257682,2587.12262009186,1.32314979873481
Cucurbitariaceae,376.106916758893,122.149988343727,3.79949377741296,121.589864624013,0,6.52800846762612,32.8093455604802,0,0,0
Debaryomycetaceae,2.20231111540885,9.11039489350441,4.39929779758254,449.421710007572,8.19629963647564,614.999509539476,0,161.127204662221,0,3.91137439615277
Phaffomycetaceae,0,170.723979556366,0.433425373116982,7.87260697981144,0,0,0,0.235206229479151,0,0
Triopsidae,0,0,0,0,0,0,0,0,95.2077581578075,2198.27611317771
Enterococcaceae,0.373825660881385,1.99364741824732,7.33648124138283,0.920246148827531,0,0,7.67108302669643,1935.32627611214,0,0
Prevotellaceae,0,0,0,102.214845684355,3.40688008239593,0,9.46727587422669,2.89615150785357,0,89.3065000557852
Rosaceae,131.650316843692,1422.63342612871,0,15.48913831593,0.213856732342536,3.05114520455965,165.592821509162,5664.97158128961,0,71.5658990241748
Juglandaceae,336.992362893254,22.592253474464,0,31.4623755622967,0,15.3021670417133,0,0,0,1.66529734763139
Xylariaceae,158.528157932907,108.605033092089,474.321716231106,343.121230549031,23.4493735519326,6.34630442833248,572.575735797245,0,0.719573280996131,0
Polyporaceae,13.5037069658282,595.649360425963,319.862920549925,391.857062697388,36.1494422574267,380.458151894516,723.780427458169,0,4.64430007525858,0.68303136050049
Nostocaceae,5.85041108850341,0,0.514827592129452,0.252857563597664,0,0,0.970482045424377,2.57570967573381,0,125231.293518157
Tephritidae,9.79236865304799,16.5027688402527,24.2125725579195,0.728993487834162,0,86.1808106936156,47.2959017603022,0,717.29784959306,17.4695460996086
Didymosphaeriaceae,132.984245335184,12.9486629078485,0,0.311394752080367,2.10368395516199,69.0437031832386,19.7667296554535,0,0,0
Clostridiaceae,19.1825367392301,12.9857805169594,0,25.1855136084513,10.4201164747969,75.0610583278173,156.958530491983,25269.4477578592,0.404505187583621,6.08150264359801
Botryobasidiaceae,93.7494825785972,727.036471957627,1998.66048667873,1706.78973184964,1148.89832884993,284.83959251037,569.626902713811,1.26915730719571,90.1896420001865,0
Sphingomonadaceae,577.784633729996,0,0,3.39349412523308,105.613395250505,0,4.63381423445261,0,0.40172665556932,0
Felidae,12.0289441589839,0,16.5934684714221,76.8553792255238,22.1077402675436,119.908357918297,74.2582632258911,0,0,0
Lentinaceae,237.09742598953,896.433503967134,439.662742728764,618.918599203351,261.199932321466,693.368442981008,487.621238432519,0.252043831078407,34.3559992488816,18.3585092659055
Hypocreaceae,35.112236681566,7.93772357378285,0.305166568682356,92.4286695245001,178.89597931563,107.952378002567,12.2303586050857,50187.1714885492,0,0
Nelumbonaceae,18.5341845446737,0.13926589123833,0,0,0,0,22.1063760197931,0,0,1.96823919170296
Peptoniphilaceae,0,4.99727978395295,0,15.5493664166794,0,0,0,8.45378916631768,79.0338609700525,0
Phaeosphaeriaceae,229.18782209042,0,0,2634.66934790821,20.1177684340161,31.6777193707039,23.721041321298,0,0.362107628981429,0.215519363346975
Fomitopsidaceae,15.6169848021103,229.548018983329,45.5982438716426,67.9421439443449,38.1913796957012,67.3162461135112,227.625802598482,0,3.64865523797067,0
Phytoseiidae,0,0,0,0,0,0,0,0,0,0
Myoviridae,0,0,0,9.24796914026197,0,0,0,0,0.450935789613717,0
Diaporthaceae,663.412799785926,152.758354375084,0,410.518560397194,0,15.7670853096497,17.3890931849952,0,70.8603790361325,1.20903039165544
Strophariaceae,38.1642847501728,388.493221448873,151.706830808642,449.368307222489,2.17324663110946,110.067887615256,24.7223827990885,1.93795558802079,0,0
Fabaceae,26.2552585264104,90.0106454744378,0,0,32.7230079847484,0,90.9072155515448,0,0,0
Pedaliaceae,0,0,0,0,0,0,0,0,0,0
Dermateaceae,24.123124263776,8.28885920485269,54.9602907395551,71.2397828263488,0.170814216489232,141.767830244498,543.544308302916,10.0347352969998,0,0
Planococcaceae,178.311247363729,65.4555693408061,1.55762194210833,239.778297800793,3.79750804085766,79.1421824916847,19.0587656522649,11029.9866235128,127.323952654562,1062.7768033694
Crepidotaceae,6.84538107453463,114.82918574485,104.626644646231,100.738774595162,31.6302136639575,3.28201413664878,18.3642685806375,0,0,0
Lactobacillaceae,0.639661236203886,0.0799869774834788,0,301.610949149799,0,67.4311596654836,0,1.89165365695901,13.1004175130984,0
Sporidiobolaceae,106.399780424197,107.522677146365,89.7773172776363,9.17829979725665,0,0,0.634755551220906,3.13901163986788,0,5.08280658788
Diopsidae,1.04952619315526,0,0,0.22542158147778,0,0,29.0804849003142,0,0,0
Clavicipitaceae,31.7849256396943,2.87066752041603,0.27841451582686,12.7443327626388,0,0.531413012728175,183.944393177445,0,5.0330109041027,0
Moraceae,0,0,0,0,0.414450609868907,0,0,0,0,0
Lyophyllaceae,137.16456410693,648.827988449013,404.68198563256,1991.21665952605,974.475089808913,443.568813679012,1319.11305399928,0,0,0
Sepsidae,0,0,0,0,0,0,0,0,0,0
Melanommataceae,68.3674629641745,55.5763303116332,0,0.980015519954674,0,163.549979507871,137.33304693044,0,0,3977.52954084811
Erysipelotrichaceae,0,89.6193356500534,0,0.172404549787584,0,0,0,2.02717959063396,13.7475459322938,0
Sympoventuriaceae,84.1831953029843,0,19.7597595311315,3.79899072946681,2.69464277011159,0.560276846459805,52.2668014991091,0,313.964555425068,0
Burkholderiaceae,89.8365237864866,4.6853690124687,0,0.24182826847321,0.420948902502663,0,0,0,0,0
Oxytrichidae,164.680633310581,0,0,8.16440554536995,0,0,6.41656949365272,0,0,8.08414079062137
Listeriaceae,0,0,0,0,0,0,0,0,0,0
Comamonadaceae,0.0547043079127248,0,0,0.618351899624751,1.15619603481274,0,0,2.02820563773663,0,0
Physalacriaceae,3.35580590535975,179.749705853444,46.8258656058497,101.816442210276,0,66.0347808517447,61.5999769269545,5.52420984419625,0,0
Peptococcaceae,18.1090390953792,0.379602356926762,0,0.682865246725319,0.739839794747824,0,0,7.94838257887293,0,12.2044814878957
Rhizopodaceae,0,0,0,0,41.1805570305749,0,0,0,0,0
Meruliaceae,215.738978060442,1082.96464143686,772.577410931157,510.126932641883,72.6407166023474,358.332167301491,2500.80140152079,0.268889009835169,35.9021198505174,80.8776334097769
Chaetomiaceae,54.8475265149024,33.5020495981664,16.5827665995475,6.28879784300082,0,1182.75865734711,4.22242379029694,0,1.51312705049676,0
Veillonellaceae,16.6802532243232,0,0,16.4987561638185,0,0,0,1139.66867847834,1.93403751113363,0
Tulasnellaceae,34.4268618064287,1160.53314330881,1969.52755409352,1593.44144067446,19.3833226279474,442.396003497712,154.651544889713,0.957937165165872,0,0
Sporolactobacillaceae,95.9362404291931,3.44302525882819,0,0,0,0,0,1.65199008564833,0,0
Streptomycetaceae,10.4468133607831,0.926689493801319,9.59410078293668,8.57154576984078,0,0,0,0,0,10.6371137154582
Myxobolidae,0,0,0,0,0,0,0,0,0,0
Aerococcaceae,5.64792514998897,0,0,27.0456400059404,0,4.0969094646637,0.642814151499986,8.51933297315063,0,0.0944662173560065
Diatrypaceae,23.003942258515,4.4021189820771,30.8005713196947,4.44035541189511,0,0.259479061160774,1.8510141056843,2.05664555129011,4.40101789554138,0
Psychodidae,0,0,0,0,0,0,0,0,52335.4715686254,0
Pediculidae,0,0,0,134.287307170722,0,0,0,0,0,0
Bromeliaceae,5.17260190109915,9.56716237971517,0,0,0,0,0,0.280464328165771,0,0
Orbiliaceae,0.506156202627157,13.5703388582385,16.6357861035735,14.2717348138609,0,2.25356389219909,0,0.775345796572142,0,0
Rutaceae,3.26389320899247,17.0940926340424,0,0,847.020053834153,0,0,0,0,0
Ruminococcaceae,4.88112402407701,2.67124904295239,0,20.8713196465953,1.49702338518814,20.5409045239169,0,567.877112453358,0,8.71513520486178
Valsaceae,225.073946046657,64.0883914247062,0,52.722912106609,0,23.4846546760127,1.19296343105963,3.4852250421682,0,0
Funariaceae,0,0,2.05606376748193,2.0654589347119,0,0,2.92224704167908,0,0,0
Caligidae,0,0,0,2.85958419798587,0,0,0,0,0,11.5871050040435
Scenedesmaceae,0,0,0,0,0,0,0,0,0,0
Cystofilobasidiaceae,170.941045381914,48.9852026717781,26.0135809533903,96.8366644839646,0.579047069646781,4.32198130298461,63.672370290094,490.749606506341,0,0
Neisseriaceae,0.399939049509346,0.198303684800595,0,9.94111972914045,0,0.638529751872579,2.60484292206936,12.745353789025,0,0
Microchaetaceae,32.3805251603689,0.108829384474644,30.8547436944695,12.8318472457696,0,0,33.8523960576046,0,0,3983.55565100912
Psyllidae,0,0,0,0,0,0,0,3.88172601299751,0,0
Deinococcaceae,0,0,0,0,0,0.363126579531404,0,0,0,0
Ceratobasidiaceae,2.83677947835858,375.877993541715,983.705825905907,1037.61066535226,5.4174412981071,16.2003932235436,336.812677459771,0,4959.47824977284,0
Vitaceae,2.98799516867584,2.68949271140249,0,0,0,0,0,0,0,0.846376366991584
Malvaceae,13.8971212156286,10.5843187056023,1.67080970873092,0,0,0,0,0,0,0.639512498681774
Tilletiaceae,37.7202694881523,0,0.186793664564143,10.2288005013639,0,0,0,0,0,0
Trichosporonaceae,1525.48280922816,129.365510119223,2.21399108827514,351.421179265554,1.13723892069593,6.2433299083197,13.5177528960944,43.6220930356831,0,0
Circoviridae,0,0,0,0,0,0,0,0,0,0
Carnobacteriaceae,0.0821126066595015,0.538595205119496,0,55.5628250730085,0,42.5178027015209,0,242.44031336733,23.9280524762816,0
Saccharomycetaceae,0.0890857612729981,0,0,0,0,0,0,0,0,0
Cucurbitaceae,0,0,0,0,33.2628568525246,0,9.71750870463722,0,0,0
Bacteroidaceae,3.30524083431238,0,0.166526446837046,51.9625574441715,0,0.33727151223795,0,0.274141558561195,18.0144957584945,0
Amborellaceae,0,30.4155051505433,0,0,0,0,0,0,0,12.8570949548852
Trueperaceae,0,0,0,0,0,0,0,0,0,0
Rutstroemiaceae,5.35948563714876,0,0.178687020698402,59.5963926519496,8.63207067866661,148.321880237337,0,0,11.7193815638274,0
Brassicaceae,0.131384906099646,156.715576270781,28.6696044213195,25.0885188663739,9.17539428825424,81.6746459250133,0.368863305993107,2.44652398122102,0,0
Psathyrellaceae,0,31.8725084850005,216.287277819739,325.238270607436,0,81.3625470399269,102.09882997452,0,0,1.62683244579529
Euphorbiaceae,2.38391165267344,2162.16657011329,0,0,0,0,0,0,0,0
Arecaceae,18.6771222574895,10.0494305817099,0,0,0,0,0,0,0,18.863572488916
Acetobacteraceae,0.32656578355018,5.95576302843987,0,0.754443250684557,0,0,0,0.73694100006338,0,0
Ophiocordycipitaceae,80.0628829419062,7.40185080593084,68.8583077061339,27.8557218237452,0.270169412159844,18.7836166802042,31.8223104186729,0,0,0
Pyroglyphidae,0,0.634478663555768,0,0,0,16.5085271595696,0,0,0,0
Ephydridae,0,0,0,0,47.0489568596695,0,0,4865.35360427481,0,0
Paxillaceae,21.1042828140641,87.2614019369837,122.841458170668,140.163330877199,3.32620585040843,51.9468953076262,0,0,13.9366660812372,0
Leucosporidiaceae,41.3199050584026,14.9833682241768,38.9817174327227,38.6266847115231,0,11.6480172476632,19.3351818439802,0,0,0
Ganodermataceae,0,96.0819291452423,205.815394230461,123.624052324796,2379.06941528407,1.87012695033012,119.654849348101,0,6.38059147218299,0
Amanitaceae,15.5943865830435,144.187511168747,31.5309253247205,153.195220006132,20.4415360438407,23.7420246873339,32.8724892617879,0,0,4290.83474465387
Teratosphaeriaceae,1232.45795036236,13.4022681010081,18.1296774110125,1.04728830947637,2.7414797623878,0,0,0,0,0
Oxalobacteraceae,36.3153015439269,2.73570776418119,0,8.18812894991849,2.0333015176781,2.46987283158496,36.7744107931084,0,0,15.5478156650298
Asteraceae,0,76.9191136761125,0.649255347150419,0,0,125.271253821007,0,8168.34604068191,21.2165949168394,0
Ophiostomataceae,45.667503877733,16.5265202884445,0,4.6580897245314,5.90630745202426,31.795709559151,51.484744651053,0,0,0
Lichtheimiaceae,7.85117113759612,0.777808263188089,3.14667476098913,7.3072757285065,0,30.0722052495794,1496.61546463194,0,0,0
Scytonemataceae,0,0,0,0.409782509547059,0,0,0,0,0,18.3538934915338
Gloeophyllaceae,12.7932359837547,224.226548823776,114.002477399184,213.180244642582,11.2691063459497,92.6109503609424,133.739044515112,0,526.435503758031,0
Brachybasidiaceae,145.819923980341,48.7004735309513,0,46.0560881220733,24.6672449341897,0.375593012461233,0.814046095541264,0,8.59441195470921,0
Punctulariaceae,16.130045207121,93.4732736915362,50.9247055104939,95.2686398206089,649.190128694901,56.4249366030202,24.7926159682841,0,20.8922236807364,0
Physaraceae,12.0743178336498,43.9091593944266,0,0,0,0,0,0,0,0
Phasianidae,0,1934.05556909573,0,0,1.37359109855282,0,0,0,0,0
Xanthomonadaceae,0.208062361501583,0,0,0.135165340631687,0,0.193456913439079,3834.15735598113,0,0,0
Cladoniaceae,7.35825255799675,0,19.632314071424,22.1524754557512,0,0,6.78230307881519,0,0,0
Actinidiaceae,148.052813625684,3.83419729320278,0,0,0,0,0,2.46439344433895,0,524.065085025976
Cunninghamellaceae,0.850324689435115,4.9552651326809,348.333196522898,158.298805783359,0,136.303349149123,45.782601744253,0,0,0
Thripidae,0,0,0,0,0,0,0,0,0,0
Venturiaceae,16.4656229266165,6.9581438776799,33.2720921899762,240.577561022798,0,4.1631476653347,432.089299553166,0,30.8521228111172,0
Amphisiellidae,34.3349108177075,0,0,0,0,0,0,0,0,0
Halictidae,0,0,0,3.29188680117512,24.3757426370855,0,0,0,0,0
Massarinaceae,34.6378450793846,15.2403398756322,0,55.402168730754,2.29345466313692,194.464689039159,0,0,0,0
Spirochaetaceae,0,0,0,11.2392964546627,0,0,10.9111583330881,0,0,0
Ceraceosoraceae,309.820628094191,141.154576019661,966.640818931763,5.32595133733027,0,0,92.2080087094574,0,0,0
Onchocercidae,0.605636193564916,0.83216734643395,0,0,0,0.194833636351546,0,0,0,0
Bifidobacteriaceae,2.00086840428482,0.38576046114611,0,0.723787288206466,0,0,0.888574769086596,0,0,3.74036711369395
Tuberaceae,0,14.2574025525006,0,11.408642423851,0,0,0,0,0,0
Chaoboridae,0,0,0,0,0,0,0,0,0,0
Botryosphaeriaceae,789.597931500935,14.2246680214194,8.48871770769269,57.5159502506188,0.159444566317748,18.6081564995819,100.907805188742,17.0875452948459,0,0
Ajellomycetaceae,51.7239711321241,94.8334114008598,21.4897269670375,0,0,0.304950808232373,0,2.62279897343682,0.280399301887747,1.83852629716588
Urostylidae,0.340272591294326,0,0,0,0,0,0,0,0,0
Parameciidae,0.255912219916403,1.55365443607461,0,0,3.76855739961088,0.229231048046688,3.49253208961047,13.0058572270534,0,0
Cystobasidiaceae,53.3354584013131,9.96340867293718,7.38078269850724,1.43025711174292,0,0,6.03670460230682,3.13610519484417,0,0
Erythrobasidiaceae,661.17397126942,30.5872600527567,0,0,0,0,3.11810440274902,0,0,7.15319149714498
Gloniaceae,192.866940921646,17.3045715821518,7.29691690112384,2.34375001697611,26.0005298182016,73.8846065497022,25.4722165938683,0,0.384399610338856,26.3498855271423
Salicaceae,2.82862566449397,0.713962584256338,0,0,0,0,0,0,0,0
Lamiaceae,0,2.26934821993082,0,1.82194985295044,0,1.69075147658233,0,0,0,0
Hyaloscyphaceae,0,10.7517022382396,21.2012760432037,20.3274581491991,0,42.5090221656104,0,0,0,0
Pseudoalteromonadaceae,0,0,0,2.11893538563595,0,0,0,0,0,0
Geodermatophilaceae,0,0,0,0,0,0,0,0,0,0
Cortinariaceae,3.3142172071645,102.736188753682,48.5731240923257,152.696146175585,0,67.8418778918981,0,0,0.561427778357995,0
Dipodascaceae,36.2792046970838,22.6632660456382,65.5234066198943,2.84150325667454,0,3.5880923262074,30.2465931868965,0,0,0
Alicyclobacillaceae,3.39928729264499,0,0,0,0,0,0,0,0,0
Pisolithaceae,13.4212155708731,52.6015083950032,48.5161148210848,13.8982643843384,1.4645339523382,0,32.0915662352873,0,0,0
Marasmiaceae,19.2193270191318,41.1779511026268,7.97486473474526,38.6296314677737,5.53492334284193,55.1993833467321,0,19.0689135753666,0,0
Phyllobacteriaceae,0.743046834569781,0,0,0,0,0,0,0,0,0
Glomerellaceae,171.002754307735,67.9105684129002,0,6.99787815285737,0,3.66891344303275,145.036372460655,0,0,0
Umbilicariaceae,49.2030246257362,5.92521357823697,16.6508442342404,14.6884132706251,0,0,0,0,0,0
Sporocadaceae,313.101393994201,13.5981892511067,0,0.828288850762168,0,0,0,0,0,0
Exidiaceae,0.355040088971015,45.0810874861736,58.8966081851377,83.4662906525966,12.2179248019147,14.8231283896122,93.4567122379726,0,248.810758438378,2.47038353075078
Apidae,0,0.173532430314866,0,0,0,0,0,0,0,0
Arthrodermataceae,26.9149554894949,23.2100688026659,0,7.55736894577847,0,0,46.491692854299,9.20597146084661,13.0468236861792,0
Corynesporascaceae,95.2340625123521,0,0,11.1511732437289,0,20.5895410692553,33.7091302943871,12.3999675334428,0,903.749227028705
Clavariaceae,32.1284714179208,26.3386043860567,58.4096887758288,52.7646793360412,6.46532542627556,272.575294463029,117.621789590278,0,0,0
Legionellaceae,133.151282230457,35.014438120079,5.58573855538041,45.47682337609,0,0,11.1117100515808,0,0,0.229982678638961
Pseudonocardiaceae,2.68388225629441,0,0,28.9471485997301,0,0,0.344904166084426,0,0,0
Phycodnaviridae,0,0,0,0,0,0,0,0,0,0
Aphididae,0,0,0,82.8269525087281,18.3381284286089,31.8973248778015,11.7269926646715,208.300535488764,71.9312287593699,0
Ericaceae,0.441760786392756,0,0,0,0,0,0,0,0,186.827603279844
Jaapiaceae,20.8569893275205,77.0514406325344,68.3677119170412,102.907788225082,15.6044905697239,124.887917899301,77.8358676767471,0.238630683718595,0,0
Formicidae,0,0.529839081356241,0,30.1354458191364,0.291282156399636,0,0,0,0,0
Peptostreptococcaceae,0.437624066118388,0.379972171509606,0,0,0,0,0,80.0482025252984,0.285970509887237,0.401241684746614
Microdochiaceae,28.354771507946,0,5.86221455096254,0.850827272747658,1.06117797918564,0,26.5942012332619,0,0,0
Plectosphaerellaceae,76.1201844717088,1.09258967631091,0,0.499132217660961,0,5.22134132995415,46.5252571461583,0,0,0
Aeromonadaceae,0,0,0,0,0,0,0,0,0,0
Leptosphaeriaceae,13.7203991904148,1.73346755195392,0,10.4911308607783,0,6.14796973692817,0,0,0,0
Coniophoraceae,0.326215977403337,85.9793894624503,9.31860631412935,146.692744574894,1.46344773175669,45.811994523339,37.2164286768073,0,0,10.8114712173629
Togniniaceae,4.1035961240409,29.1754912065902,1.12207909993464,4.8993015109025,0,39.8909473759871,0.352304546881369,0,0,0
Salmonidae,0,16.7617126389549,0,0,0,0,0,0,0,0
Erysiphaceae,15.3942396445319,4.86961929943244,9.35915475934918,4.42348145941853,0.365464701057356,13.068890773081,2.39222484614818,0,0,0
Microviridae,0,0,0,0,0,0,0,0,0,0
Eimeriidae,0,259.671679433128,0,0,0,0,0,0,0,0
Spheniscidae,0,0,0,0,0,0,3.28618457936724,0,0,0
Rivulariaceae,0.950164753738334,0,0,0,0,0,0,0,0,1861.58849555368
Hysteriaceae,68.4134624075019,32.4321542938973,25.2005514135349,19.6744772049198,0,2.68731455419793,13.9999247197891,0,0,0
Sphaerobolaceae,0,33.4168780065808,55.5442083827397,120.128029094695,0,12.2639575429068,81.1638526848732,0,0,0
Eubacteriaceae,0,0,0,0.364572018852091,0,0,0,2.56045638410221,0,9.70120846581297
Meliaceae,20.6339204630886,0,0,0,0,0,0,0,0,0
Curculionidae,0.114012441379495,0,0,0,0,0,0,0,0,0
Pluteaceae,7.16567393014401,20.0801327033741,30.3491309932566,42.8589101385138,34.8272787561981,3.88937665194447,16.3865215073476,0,0,0
Porphyromonadaceae,29.0656460070706,0,0,3.48224571023756,1.37844431857555,0,1.84787643912746,0,0,0
Bionectriaceae,35.8025921147462,10.1259477898303,0.202690175928207,0.122441915053156,0,0,62.9458024097807,2.82275479286263,0,0
Thermaceae,0.550345980737073,0,0,0,0,0,0,0,0,0
Klebsormidiaceae,0,0,0,0,0,0,0,0,0,0
Serpulaceae,22.6370265539129,55.0388293046234,63.2205969739987,127.061221620155,0,18.9098839427847,41.2703643278058,0,0,0
Argynnaceae,116.616576435615,7.54455861273776,48.973061942103,0.364886435757955,0,19.0837615511357,10.3789070368137,0,0,0
Chlamydiaceae,0,0,0,0,0,0,0,0,0,0
Dacrymycetaceae,11.075475712032,97.1881682530972,375.957808001505,95.3252934806486,0,52.3885291205266,5.3531846745308,0,0,0
Leuconostocaceae,0,9.02339467566161,0,0.169487768653557,0.462914185319208,0,0,58.8374138208937,0,0
Taphrinaceae,393.792948762971,4.41088881089321,3.30332148542725,0,0,0,36.5042044885815,34.1953107080684,0,0
Methanobacteriaceae,0.313449346784025,0,0,0,0,0,0,0,0,0
Auriculariaceae,0.310028118138006,84.7346202841942,50.641442902297,57.2401276406635,0,9.25384658545851,201.308031724949,0,20.0042288844316,0
Amoebophilaceae,0,0,0,0,0,0,0,0,0,0
Vibrionaceae,0,0,0,0,0,0,0,0,0,0
Myrtaceae,12.7032318676271,0,0,0,0,0,0,0,0,0
Cryptosporidiidae,0,0,0,0,0,0,0,0,0,0
Muridae,0,0,0,0,0,0,0,0,0,0
Clostridiales Family XIII. Incertae Sedis,0,0,0,0.190484357070989,0,0,0,0,10.9663454427851,2.2142976241065
Onygenaceae,29.1303123644527,19.006264535985,49.404041070691,13.7292430996062,19.4144466849102,40.3318822429376,159.674644378967,0,2.56944017611706,0
Teloschistaceae,63.7082699745849,7.8780538441771,0,75.928346379278,0,0,0,0,0,0
Puniceicoccaceae,0,0,0,0,0,0,0,0,0,0
Rhodospirillaceae,0,0,0,0.198608134717203,0.473196667427056,0,0,0,0,0
Cleomaceae,0.579764952975579,11.5124822197426,9.69381814368606,16.7065238114746,0,0,0.690048919805328,0,0,0
Desulfarculaceae,0,0,0,0,0,0,0,0,0,0
Hyphomonadaceae,0,0,0,0,0,0,0,0,0,0.191037179750964
Sciuridae,0,0,0,0,0,0,26.0362244061882,0,0,0
Methylophilaceae,0.311207525001121,0,0,0,0,0,0,0,0,0
Methylobacteriaceae,110.960354794049,0.756494564299795,0,0,0,0.429845018422772,0.755629608912771,9.40037903823665,0,0
Intrasporangiaceae,0.619811039972251,0,0,0,0,0,0,0,0,0
Drosophilidae,9.42871098857234,0,0,0,0,0,0,0,0,0
Pneumocystidaceae,0,0,0,5.46846714050832,0,0,0,0,0,0
Methanosarcinaceae,0,0,0,0,0,0,0,0,0,0
Hyphomicrobiaceae,9.29807004820561,0.563231381026675,0,0,0,0,0,0,0,0
Cyclobacteriaceae,28.8785131994034,0,0,117.137269694647,0,0,0,0,208.868070196049,0
Nymphalidae,0,0,0,0,0,0,0,0,0,0
Magnaporthaceae,18.1118656760241,0.298383403648404,0,1.72602698181249,0,0,23.6804973244839,0,0,0
Rhizobiaceae,2.13922012035308,0,0,1.21631414564499,0,0,0,0,0,0.277590324854283
Bradyrhizobiaceae,86.4201573123985,0,0,0,0,0,0.267240690920157,0,0,0
Coccomyxaceae,0,0,0,0,0,0,0,0,0,0
Coxiellaceae,0,19.4986316981048,0,0.259905685103142,0,0,0.969140851606075,0,0,0
Cellvibrionaceae,6.89190223198455,5.5986183725746,0.843823734396794,61.3449522476856,0,0,0,0,1.13739661107661,0.249027505298869
Baculoviridae,0,0,0,0,0,0,0,0,0,0
Campylobacteraceae,0,0,0,0.330402362781996,0,0,0,0,0,84.4686220248994
Nocardiaceae,0.319243106349388,0,0,0,0,0,0,0,0,0
Cyphellophoraceae,102.081186840095,1.65349388513329,0,0,0,0,0,0,0,0
Shewanellaceae,0,0,0,0,0,0,0,0.515658639407595,0,0
Cidaridae,0,0,0,0,0,0,0,0,0,0
Macrostomidae,0,3.72414454789004,6.09329913289685,0.90094197449758,0,0,0,0,0,0
Plutellidae,2.24212549881023,2.51276132209012,0,55.4884387868037,0,0,0,0,0,0
Halomonadaceae,20.130856737257,0,0,0,0,0,0,0,0,0
Stachybotriaceae,4.79027605836582,0.2888910523333,0,24.1535769568782,0,0,104.42115313374,0,0,0
Syntrophomonadaceae,0,0,0,0,36.0162526374203,0,0,0,82.3897178122503,0
Acidobacteriaceae,23.6220035115942,0,0,0.281361386260389,0,0,17.9694649182674,0,0,20.7999086571475
Lymnaeidae,0,31.0415810637851,0.28051893180332,11.3637206965111,0,0,0,0,0,0.151964397080621
Verrucariaceae,0.801999738813362,0.752672160968709,0,0,0,0,0,0,0,0
Podoviridae,0,0.840790634711838,0,0,0,0,0,0,0,0
Primulaceae,0,2.83529428599635,0,0,0,0,0,0,0,0
Syrphidae,0,0,0,0,0,0,0,0,0,0
Saccharomycodaceae,0,0,0,0,0,0,0,0,0,0
Rhamnaceae,2.37694622505761,0.157018642723036,0,0,0,0,1.19118508800623,0,0,0
Suillaceae,0.330463734870531,2.74409418428379,9.12580207094757,38.9680779504022,0,0,0.0991533519571871,0,40.9339560622457,0
Nocardiopsaceae,0,0,0,0,0,0,0,0,0,0
Ktedonobacteraceae,3.21108659972174,0,17.1734699148765,4.52448474503219,0.2782936924075,0,6.31919258225111,44.7906314793077,0,0
Microascaceae,2.07185745430829,17.8626477188073,0,0,0,33.3712908011299,4.8876341909351,0,0,0
Ixodidae,0.458072584810328,0,9.00545448712008,0.127957704305663,0,0,0,0,0,0
Hypochthoniidae,0,0,0,1.40021490357004,0,0,0,0,0,0
Flammeovirgaceae,6.90749889322321,0,0,17.678872858208,0,0,68.7717070749978,0,0,0
Mucoraceae,0,3.86045797388734,9.63998258702675,2.09718016318294,0,0,2.33066950669951,0,0,0
Lasiosphaeriaceae,2.35058917607344,0,4.91573780996056,0,0,0,0,0,0,0
Achipteriidae,0,0,0,0,0,0,0,0,0,0
Rubritaleaceae,0,0,0,0,0,0,0,0,0,0
Microbacteriaceae,11.4760281599176,0,0,0,0,0,0,9.74084356168473,0,0
Tilletiariaceae,1.6725364937227,7.95681889048628,0,17.122441841213,0,73.2086879334811,35.3058297270079,0,0,0
Caldilineaceae,10.2240928965152,0,0,0,0,0,0,0,0,0
Orchidaceae,34.4903152851061,14.2083943187464,0,0,0,0,0,0,0,0
Leptotrichiaceae,0,0,0,2.1713566082467,0,0,1.50946890022702,0,0,0
Capnodiaceae,95.6937398906068,0.279274714658687,0,0,0,0,5.28919977821504,61.6283423685371,0,0
Caulobacteraceae,0.500954113687712,0,0,0,0.326204560926643,0,0,0,0,0
Verrucomicrobia subdivision 3,34.8160629993616,0,0,0,0,0.788811303231216,0,0,121.92593268857,0
Reticulascaceae,46.9674431377942,0.897615949614704,0.255552118735902,21.7744121058405,0,1.06606848181929,0,0,4.50037687696753,0
Geometridae,0,0,0,0,0,0,0,0,0,0
Polygonaceae,0,0,0,0,4.37683020517234,0,0,0,0,0
Porticoccaceae,0,0,0,0,1.1283097679167,0,0,0,0,0
Chromatiaceae,36.2076703147904,0.216912952790311,0,0.123976070945636,0,0,0,0,0,0
Bdellovibrionaceae,2.92513833473144,0,0,32.8271936996285,0,0,0,0,0,0
Saprospiraceae,0.571138988834338,0,0,0,0,0,0,0,0,0
Fusobacteriaceae,0,0,0,0.766396104284849,0,0,0,0,0,0.847118554843882
Fistulinaceae,0,32.6545074255165,9.4232215311038,31.2218010383233,0,14.0195732443681,0,0,0,0
Ectobiidae,9.35536379827657,0,0,0,0,0,0,9.54826389461426,0,0
Chionosphaeraceae,139.800418701158,26.3541714034546,0.657352213367227,14.1477846723107,0,0,0.556869797163917,0,0,0
Solibacteraceae,0.423448758926789,0,0,0,0,0,0,0,0,0
Sclerodermataceae,0,12.6785223521027,2.02039140173341,2.93483826075218,0,0,0,0,0,0
Halobacteriaceae,0,0,0,0,0,0,0,0.506459312456142,0,0
Phyllostictaceae,61.1765848790917,2.99909232045193,0,5.04306138869354,0,0,0,0,0,0
Plasmodiidae,0,7.24038521864593,0,0,0,0,0,0,0,0
Edwardsiidae,0,0,0,0,0,0,0,0,0,19.3397321788853
Verrucomicrobiaceae,0.321479965840211,8.02335191829928,0,11.6844696771909,0,0,0.708840942773455,0,0,0
Methylococcaceae,0.746463349038323,0,0,0,0,0,0,13.7880606931928,0,0
Boletinellaceae,1.88875002253312,20.8217311323331,0.280845469604664,17.559461326303,14.7907393184904,0,0,0,0,0
Xylonomycetaceae,83.9534497572608,11.0103731560286,0,0,0,0,0,0,0,0
Planctomycetaceae,0.361423770545087,0.527123545913934,0,1.51944359645846,0,0,6.4253049578926,0,0,0
Schistosomatidae,0,0,0,8.4702712676555,0,0,0,0,0,0
Tetranychidae,0,0,1.68377114176441,0,0,0,0,0,0,0
Piscirickettsiaceae,0,0,0,0,0,0,0,0,0,0
Halieaceae,0,0,0,1.94638914365596,0,0,0,0,0,0
Oceanospirillaceae,0,0,0,0,0,0,0,0,0,0.354500826993139
Syncephalastraceae,0,0,0,0,0,0,0,0,0,0
Priapulidae,0,0,0,1.97290199639165,0,0,0,0,0,0
Frankiaceae,0.953703411481982,0,0,0.782174355910798,0,0,0,0,0,0
Lentibulariaceae,0,0,0,0,0,0,0,0,0,0
Prolixibacteraceae,0,0,0,2.80840849051009,0,0,1.08262668210474,0,0,18.1342884102734
Micromonosporaceae,24.4000610536052,0.999653703941787,0,7.88502345161386,0,0,0,0,0,0
Thermoanaerobacteraceae,1.28286899892886,0,0,0,0,0,0,0,0,0
Haemonchidae,0,0.0844240992691584,0,0,0,0,0,0,0,0
Steganacaridae,4.12980047620872,0,0,0,0,0,0,0,0,0
Nitrosopumilaceae,27.8165840643785,0.737628252620823,0,0,0,0,12.7209800259356,2.37419790806183,0,0
Camisiidae,0,0,0,0,0,0,0,0,0,0
Cryomorphaceae,0,0,0,10.1685404945854,0,0.542964215908224,0.242182153475325,0,3.4109275534646,0
Dermabacteraceae,0,0,0,0.297908217653349,0,0,0,0,0,0
Entomobryidae,2.95846255994865,0,0,0,0,0,0,0,0,0
Nocardioidaceae,2.80310118178634,0,0.248896458513792,0,0,0,0,9.56483574319974,0,0
Cimicidae,0,0.679951252490573,0,0,0,0,0,0,0,2.6570816615088
Chordariaceae,0,0,0,1.49278725854025,0,0,0,0,0,0
Columbidae,0,389.189607500031,0,0,0,0,0,0,0,0
Thermomonosporaceae,0,0,0,0,0,0,0,0,0,0
Rubrobacteraceae,0,0,29.6821114092158,6.46547726431647,0,0,7.96832921943035,3.92485629852287,0,17.2393187823808
Brevibacteriaceae,0,0,0,0,0,0,0,0,0.335494184798473,0
Dietziaceae,0,0,0,0,0,0,0,0,0,0
Leptospiraceae,0,0,0,0,0,0,0,0,0,0
Convolvulaceae,0,0,0,0,0,0,0,0,0,0
Cyprinidae,0,0,0,0,0,0,0,0,0,0
Coriobacteriaceae,0,0,0,0,0,0,0,0,0,0
Caryophyllaceae,0.238541102104102,0,0,0,0,0,0,0,0,0
Trypanosomatidae,0,0,0,0,0,0,0,0,0,0
Geobacteraceae,0,0,0,0,0,14.9212423300193,0,0,82.9657287364359,0
Plantaginaceae,1.5233084613139,0,0,0,0.334600606119291,0,0,0,0,0
Psychromonadaceae,0,0,0,0,0,0,0,0,0,0
Chironomidae,0,0,0,0,0,0,5.13876457505391,0,0,0
Erythrobacteraceae,7.82703792799354,0,0,0,0,0,0,0,0,0
Gekkonidae,0,0,0,0,0,0,0,0,0,0
Pleurobrachiidae,0,13.379078030022,0,0,0,0,0,0,0,0
Desulfobacteraceae,0,0,0,0,0,0,0,0,0,0
Peronosporaceae,0.760297250534676,0,0,0,0,0,0.50091290448578,0,0,0
Williamsiaceae,0,0,0,0,0,0,0,0,0,0
Pelagibacteraceae,0,0,0,0,0,0,0,0,0,0
Temoridae,0,0,0,0.565637622742385,0,0,0,0,0,0
Cellulomonadaceae,0,0,0,0,0,0,0,0,0,0
Braconidae,0,0,0,3.67870621060172,0,0,0,0,0,0
Chthoniobacteraceae,0.455233444840516,0,0,0,0,0,0,0,0,0
Bartonellaceae,0,0,0,0,0,0,0,0,0,0
Sphaerobacteraceae,7.32633710387168,0,0,13.9903572906896,0,0,0,0,0,0
Alteromonadaceae,0.208181054802193,0,0,0,0,0,0,0,0,0
Thymelaeaceae,0,0.71359720656111,0,0,5.16270125339542,0,0,0,0,0
Geminibasidiaceae,0,16.7875544035003,30.3874065647972,13.0459241650855,0,0,0,0,0,0
Parachlamydiaceae,0,5.83500369124294,0,0,0,0,0,0,0,0
Aurantimonadaceae,2.89645303737727,0,0,0,0,0,0,0,0,0
Buprestidae,0,0,0,0,0,0,0,0,0,0
Brucellaceae,0,0,0,0.370091041616668,0,0,0,0,0,0
Nitrosomonadaceae,0,6.90439485415664,0,0,0,0,0,0,0,0
Buthidae,0,0,0,0,0,0,0,0,0,0
Japygidae,0,0,0,0,0,0,0,0,0,0
Thiotrichaceae,0,0,0,0,0,0,37.7675126871209,0,0,0
Limulidae,0,0,0,0,0,0,0,0,0,0
Ceratocystidaceae,1.08473340736293,0,0,0,0,0,0,0,0,0
Opitutaceae,0,0,0,0,0,0,0,3.45733355169879,0,0
Mimiviridae,0,0,0,0,0,0,0.458159436229256,0,0,0
Gesneriaceae,69.6653810590407,0,0,0,0,0,0,0,0,0
Colwelliaceae,0,0.276068693615051,0,0,0,0,0,0,0,0
Metschnikowiaceae,0,0,0,0,0,0,0,0,6.83027906410315,0
Chlorobiaceae,0,0,0,0,0,0,0,0,0,0
Thermoanaerobacterales Family III. Incertae Sedis,3.48801660775174,0,0,0,0,0,0,0,0,0
Cystobacteraceae,0,0,0,0.538197702174151,0,0,0,0,0,0
Cecidomyiidae,0,0,0,0,0,0.190453872092412,0,0,0,0
Oscillospiraceae,0,0,0,0.295003634981917,0,0,0,33.4095001729318,0,0
Eggerthellaceae,0,0,0,0,0,0,2.73375610741553,0,0,0
Dermacoccaceae,0.174509197394675,0,0,0,0,0,0,0,0,0
Desulfobulbaceae,0,0,0,0,0,0,0,0,0,0
Trichogrammatidae,0,0,0,0,0,0,0,0,0,0
Rhodocyclaceae,0.585075408922111,0,0,0,0,0,0,0,0,0
Spizellomycetaceae,103.995034812702,0,0,0,0,0,0,0,0,0
Octopodidae,0,0,0,0,0,0,0,0,0,0
Silphidae,0,0,0,0,0,0,0,0,0,0
Plasmodiophoridae,0,0,0,0,0,0,0,0,0,0
Jiangellaceae,0,0,0,3.94625012550074,0,0,0,0,0,0
Branchiostomidae,0,0,0,0,0,0,0,0,0,0
Eresidae,0,0,0,0,0,0,0,0,0,0
Gregarinidae,0,0,0,0,0,0,0,0,0,0
Phrymaceae,0,0,0,0,0,0,0,0,0,0
Caldicoprobacteraceae,3.0026625343873,0,0,0,0,0,0,0,0,0
Alloascoideaceae,0.654786408804861,0,0,1.4743905977234,0,0.312798315822311,0,0,0,0
Apocynaceae,2.420060887143,0,0,0,0,0,0,0,0,0
Mortierellaceae,0,0,0,27.2287555721217,0,0.95064202628582,0,0,0,0
Clupeidae,0,8.23349623880951,0,0,0,0,0,0,0,0
Pontederiaceae,4.49513421390998,0,0,0,0,0,0,0,0,0
Planorbidae,8.95448158245216,3.45954204131916,0,2.63539547343941,0,0,0.292533078920938,0,0,0
Promicromonosporaceae,0.132090898483151,0,0,0,0,0,0,0,0,0
Marinilabiliaceae,0,2.32197474786115,0,0,0,0,0,0,0,0
Ascarididae,0,0,0,0,0,0,0,0,0,0
Paridae,0,0,0,0,0,0,0,0,0,0
Blattabacteriaceae,0,0,0,0,0,0,0,0,0,0
Haloplasmataceae,0.475317707663669,0,0,0,0,0,0,0,0,0
Candidatus Paracaedibacteraceae,0,0,0,0,0,0,0,0,0,0
Gondwanamycetaceae,3.40566703983034,0,0,0,0,0,0,0,0,0
Streptosporangiaceae,5.37452980623899,0,0,0,0,0,67.9169595229697,0,0,0
Delphacidae,0,0,0,0,0,0,0,0,0,0
Heteroderidae,0.338850611053266,0,0.622005380089647,2.06254780839282,0,0,0,0,0,0
Caviidae,0,0,0,0,0,0,0,0,0,0
Umbelopsidaceae,0,0,0,0,0,0,0,0,0,0
Roseiflexaceae,0.897584590396283,0,0,0,0,0,0,0.578546336819853,0,0
Thermogemmatisporaceae,20.6585815660488,0,12.275885988413,8.10569667425351,0,0,1.00542318614944,0,0,0
Herpetosiphonaceae,0,0,0,0,0,0,0,0,0,0
Pteromalidae,0,0,0,0,0,0,0,0,0,0
Cichlidae,0,0,0,0,0,0,0,0,0,0
Cerambycidae,0,0,0,0,0,0,0,0,0,0
Nosematidae,0.180885470975566,0,0,0,0,0,0,0,0,0
Tetraodontidae,0,0,0,0,0,0,0,0,0,0
Lycaenidae,0,0,0,0,0,0,0,0,0,0
Poeciliidae,0,0,0,0,0,0,0,0,0,0
Theridiidae,0,0,0,0,0,0,0,0,0,0
Nitrospiraceae,8.78844873609245,0,0,0,0,0,0,0,0,0
Polystomatidae,0,0,0,0,0,0,0,0,0,0
Thalassiosiraceae,0,0,0,0,0,0,0,0,0,0
Spongiibacteraceae,0,0,0,0,0,0,0,0,0,0
Scarabaeidae,0,0,0,0,0,0,0,0,0,0
Monodopsidaceae,0,0,0,0,0,0,0,0,0,0
Acholeplasmataceae,0,0,0,0,0,0,0,0,0,0
Helicobacteraceae,0,0,0,6.66255079872484,0,0,0,0,0,0
Selaginellaceae,0,0,0,0,0,0,0,0,0,0
Chromobacteriaceae,0,0,0,0,0,0,0,0,0,0
Rickettsiaceae,0,0,0,0,0,0,0,0,0,0
Alcanivoracaceae,0,0,0,0,0,0,0,0,0,0
Linotaeniidae,0,0,0,0,0,0,0,0,0,0
Noctuidae,0,0,0,0,0,0,0,0,0,0
Daphniidae,0,4.05629013973985,0,0,0,0,0,0,0,0
Varroidae,0,0,0,0,0,0,0,0,0,0
Mamiellaceae,0,0,0,0,0,0,0,0,0,0
Kineosporiaceae,0.743635433300601,0,0,0,0,0,0,0,0,0
Microbotryaceae,0,0,0,0,0,0,0,0,0,0
Linaceae,0.210658762683714,0,0,0,0,0,0,0,0,0
Scatopsidae,0,0,0,0,0,0,0,0,0,0
Syntrophobacteraceae,0,0,0,0,0,0,0,0,0,0
Idiomarinaceae,0,0,0,0,0,0,0,0,0,0
Nakamurellaceae,0,0,0,0,0,0,0,0,0,0
Beijerinckiaceae,0.146981059294116,0,0,0,0,0,0,0,0,0
Isosphaeraceae,0.614143724335132,0.204217735551654,0,0,0,0,1.48776495885552,0,0,0
Pyralidae,0,0,0,0,0,0,0,0,0,0
Laminariaceae,2.3389959621218,0,0,0,0,0,0,0,0,0
Marinifilaceae,0,0,0,4.72213666433412,0,0,0,0,0,0
Clostridiales Family XVII. Incertae Sedis,0,0,0,0,0,0,0,0,0,0
Sarcocystidae,0,0,0,0,0,0,0,0,0,0
Anaerolineaceae,0,0,0,0,0,0,0,0,0,0
Balneolaceae,0,0,0,0,0,0,0,0,0,0
Acrididae,0,0,0,0,0,0,0,0,0,0
Gordoniaceae,0,0,0,0,0,0,0,0,0,0
Ignavibacteriaceae,0,0,0,0,0,0,0,0,0,0
Cicadellidae,0,0,0,0,0,0,0,0,0,0
Akkermansiaceae,0,0,0,0,0,0,0,0,35.2255776356511,0
Thermithiobacillaceae,0,0,0,0,0,0,0,0,0,0
Pieridae,0,0,0,0,0,0,0,0,0,0
Microthrixaceae,0.550224050131628,0,0,0,0,0,0,0,0,0
Ancylistaceae,0,0,0,0,0,0,0,0,0,0
Asilidae,0,0,0,0,0,0,0,0,0,0
Adrianichthyidae,0,0,0,0,0,0,0,0,0,0
Symbiobacteriaceae,0,0,0,0,0,0,0,0,0,0
Prochlorococcaceae,0,0,0,0,0,0,0,0,0,0
Bathycoccaceae,0,0,0,0,0,0,0,0,0,0
Limnephilidae,0,0,0,0,0,0,0,0,0,0
Sinobacteraceae,0,0,0,0,0,0,0,0,0,0
Phaeodactylaceae,0,0,0,0,0,0,0,0,0,0
Acidaminococcaceae,0,0,0,0,0,0,0,0,0,0
Rikenellaceae,0,0,0,0,0,0,0,0,0,0
Heteropediaceae,0,0,0,0,0,0,0,0,0,0
Acidithiobacillaceae,0,0,0,0,0,0,0,0,0,0
Papillomaviridae,0,0,0,0,0,0,0,0,0,0
Tipulidae,0,0,0,0,0,0,0,0,0,0
Tenebrionidae,0,0,0,0,0,0,0,0,0,0
Ostreidae,0,0,0,0,0,0,0,0,0,0
Acidimicrobiaceae,0.10645298014152,0,0,0,0,0,0,0,0,0
Toxocaridae,0,0,0,0,0,0,0,0,0,0
Caricaceae,0,0,0,0,0,0,0,0,0,0
Reduviidae,0,15.6131699275219,0,0,0,0,0,0,0,0
Chlorellaceae,0,0,0,0,0,0,0,0,0,0
Bombycidae,0,0,0,0,0,0,0,0,0,0
Hydridae,0,0,0,0,0,0,0,0,0,0
Glossinidae,0,0,0,0,0,0,0,0,0,0
Lentisphaeraceae,0,0,0,0,0,0,0,0,0,0
Myxococcaceae,0,0,0,0,0,2.37359050492973,0,0,0,0
Mycoplasmataceae,0,0,0,0,0,0,0,0,0,0
Bacillales Family X. Incertae Sedis,0,0,0,0,0,0,0,0,0,0
Glycomycetaceae,0,0,0,0,23.1415624886117,0,0,0,0,0
Opisthocomidae,0,0,0,0,0,0,0,0,0,2.44106838416476
Polyomaviridae,0,0,0,0,0,0,0,0,0,0
Vespidae,0,0,0,0,0,0,0,0,0,0
Pichiaceae,0,1.47108514069951,0,0,0,0,0,0,0,0
Holosporaceae,0,0,0,0,0,0,0,0,0,0
Prorocentraceae,0,0,0,0,0,0,0,21.4091474537191,0,0
Crambidae,0,0,0,0,0,0,0,0,0,0
Methanosaetaceae,0,0,0,0,0,0,0,0,0,0
Sarcophagidae,0,0,0,0,0,0,0,0,0,0
Aplysiidae,0,0,0,0,0,0,0,0,0,0
Strongylocentrotidae,0,0,0,0,0,0,0,0,0,0
Mytilidae,0,0,0,0,0,0,0,0,0,0
Corvidae,0,0,0,0,0,0,0,0,0,0
Natrialbaceae,0,0,0,0,0,0,0,0,0,0
Cardiobacteriaceae,0,0,0,0,0,0,0,0,0,0
Candidatus Methanoperedenaceae,0,0,0,0,0,0,0,0,0,0
Moritellaceae,0,0,0,0,0,0,0,0,0,0
