,xinexpo22_I12,xinexpo51_I6,xinexpo56_I5,xinexpo44_I15,xinexpo28_I15,xinexpo74_I6,xinexpo56_I12,xinexpo70_I6,xinexpo62_I6,xinexpo75_I12
Streptococcaceae,2671.83359446911,1464.21082464376,12492.6697572197,8269.06120722312,14141.148736799,13722.4060531489,7726.53233421435,11790.0464540033,9470.93986562906,1426.06070983314
Corynebacteriaceae,3802.8923308307,1759.79516770813,4823.73600991578,10208.0713122154,15251.2100287316,8759.15635956797,19671.0557094596,4164.7139386384,17358.1845100381,8588.36440970714
Moraxellaceae,13457.5563213267,5894.4134346257,3734.76611582236,11768.0535128061,18171.5910198253,17336.4022512812,9888.9386267457,33665.022576953,93260.8827320933,26309.8629203708
Staphylococcaceae,2238.13099965321,2248.62494610722,4505.75990751623,7554.38666736262,5180.86728968959,7397.18737269803,4831.43173649949,17433.5655585955,14568.8810803454,4078.47316539072
Pseudomonadaceae,8383.46556448779,4372.51649079857,3408.40237663528,12023.984424222,11736.7728611692,6568.80576753969,6794.86097383324,4921.02092241574,89015.0938463782,7035.63709042222
Propionibacteriaceae,958.934761365922,417.785000149347,11520.5706836236,4230.09594816501,8789.55105784731,9138.5118740538,8503.1596126537,25183.0089506202,5597.82383146313,15083.2581401431
Pinaceae,5906.34404191683,8688.94005972303,12898.8394817115,562.346757523015,759.60293917374,1392.0023715323,2268.13633500371,37974.2493166426,696.663512455893,187.881555403691
Fagaceae,26593.1959021424,1473.30868814364,6829.22925893005,1787.95384767609,14935.0089746089,2727.66049874615,6685.10007585564,4169.95133466625,3855.16896218544,50018.1445779815
Enterobacteriaceae,9158.83913262736,1387.92651801134,1808.86468839691,8522.69315247032,4821.2337594532,2399.45525878281,5739.99598682433,5565.82974926096,53398.514046295,21782.7792903938
Micrococcaceae,1500.72200266834,4063.29467099946,1541.41742294173,3533.58449990147,2654.75200087286,4038.34865199657,5070.79405203145,30480.4924859348,1938.77204962908,135.57429879704
Poaceae,357.819166984272,2018.82341111866,4167.19916233895,725.665090748812,7402.59088730634,2014.19176335076,49900.1494349428,5544.70204198985,7155.16417609117,4265.32281398441
Lactobacillaceae,924.281678138614,4557.76716759572,10460.6574734576,7070.05117491477,6578.98211297649,24184.6460807892,2196.6808744447,6241.78396612706,4178.25534586636,13039.0817109117
Neisseriaceae,1675.33896764912,2245.28265687449,84.7968791004555,6670.95590679416,2123.93736927653,19573.3450603369,799.88336309021,786.403853846954,2893.38265517389,17823.824901938
Nocardioidaceae,17672.5911819889,1629.23499112733,1603.50157666708,5080.86777526605,5400.10694276516,9781.33000955343,6640.7439803253,16461.4839800593,7446.29372540507,1574.09634777129
Pasteurellaceae,777.167345848081,1371.99366959518,374.045819669545,3907.11184217399,2389.50894225287,2695.94438484639,2519.96868550761,4451.36809264218,832.25117642041,2412.96242510095
Microbacteriaceae,16551.8528173366,1412.3360050249,2042.00210036062,2149.05939010637,2798.79964187246,4070.27758895027,3655.52208395557,24123.0683866739,3927.23182142231,781.31322023536
Peptoniphilaceae,847.957766088993,248.944552452884,2548.24783051011,822.639541343522,2450.45495241881,594.820042595783,566.19828656019,290.868176307531,4819.20511441407,3070.1117487803
Cytophagaceae,18583.4500993988,4951.52908312936,7950.10846966174,4585.98000831765,17195.5844164467,19166.0012456143,6776.27300410481,35357.912950236,1051.01242663131,3599.81302334205
Coriolaceae,2622.65799710612,28291.1142086383,32591.1428729422,30417.9736658534,18609.6861471803,31556.4738656434,22656.9492181087,308.299789746268,1792.90885912159,167.916464732779
Malasseziaceae,398.152737923858,107.218434948666,9427.06232554942,905.612137658466,9237.97925459278,810.197188941253,3826.65628648414,13567.3837290646,7696.33659970633,23.2877906563453
Comamonadaceae,4045.67053933267,978.51326307502,3066.42859957572,1521.48004299427,2716.41694122649,8109.81062182546,3383.36136729865,6747.96147956727,3696.568133797,6931.32893803121
Nocardiaceae,11128.2130002639,1159.76871436473,420.46899862711,1044.42941538943,2754.07094483061,101.305655493486,1064.68839463314,14935.1326842605,57.3013900541839,0
Streptomycetaceae,887.207093106331,23.3671782148573,654.130134956903,822.148721120291,1218.71231667318,1098.687238439,5995.35896901583,7170.47937673022,808.075534010907,234.20061380799
Flavobacteriaceae,2721.07675599038,1172.31043896134,2275.18357730538,3485.75123768642,7332.81388389911,7385.50594532399,3373.34249608643,7320.96341404038,1562.1103314154,1432.42526513541
Rhodobacteraceae,1801.29027425391,871.773667032891,1568.89101486092,485.473015730201,1272.97575378978,2279.55006949436,1407.91289675209,3587.19132707706,4117.74118445007,220.611232790789
Stereaceae,1009.58208229385,49008.7925592964,61914.7638124582,20786.8283899321,3568.74891948297,39582.5183880489,1369.89329739565,69.1526759975426,24.7426266789069,388.636890433813
Oxalobacteraceae,4369.18751790784,1834.6304851083,253.395193090487,3481.37767904684,2580.29017907278,1239.92980975534,7016.89370141322,992.527251688708,14042.0737811553,1851.80341706852
Aspergillaceae,1063.90913207814,1253.37935332291,8391.30078556673,1151.25157677375,1679.54769031088,2618.51520120009,5866.31396185417,791.880653091146,209.896789621414,505.891534494726
Sphingomonadaceae,9648.53165225785,1049.87531389742,2654.79291825844,3687.14396954061,5783.10141509965,1183.90873398548,7588.32962289843,9597.31798328223,9546.44479371827,499.10175533882
Bacillaceae,1146.69476936769,560.670321349655,26.7355912072301,670.686044435029,214.090455615017,1315.97611049787,79.6666328567439,2122.9184070652,629.131887080728,16.861369796495
Veillonellaceae,271.436196339121,59.6209143467148,1386.78181853874,583.243188605422,1448.19282617405,1437.62514265371,1158.3840233059,1056.60543694976,1697.15975180794,7587.70520563549
Pucciniaceae,978.169645783972,137.416479013892,78.3990267925378,42.6311848521395,426.72611771975,87.6305363218891,88.6998903802479,54.3024201586837,4.52897876268712,0
Mycobacteriaceae,1882.45977697388,43.9404593057984,1784.6498646505,1130.93518108336,5217.07335043866,358.795273273245,102.062881742333,940.453455932758,2195.87410359019,79.0870310187732
Betulaceae,8469.91465536295,1666.28008280727,1215.31649083027,491.379731031562,5818.84910788597,3099.3197169224,2124.26636740528,2899.82851949923,160.793547016555,1358.66519857286
Oleaceae,488.856310158504,130.387195821123,359.588259004573,19.7192346222801,127.510315119128,284.787375691696,516.282954216284,418.865579088187,1270.38407944333,207.170916747474
Lachnospiraceae,277.808621608154,149.124658692085,1249.8081387357,1131.73632913698,1000.92710329742,1430.3483341556,883.063411180807,166.867529319147,2967.02640830474,2286.25384000367
Clostridiaceae,571.120093868516,19.8776363763761,1.45506492171492,1117.9096268169,936.834773873602,1233.16379063105,39.9248959998299,3254.91729057961,239.421014087226,855.395750275843
Actinomycetaceae,129.750679657713,176.801671235347,611.493477337223,1253.75053534238,2258.8529598685,896.165910545667,102.822087471365,0.767436168574327,394.122178474056,14314.8238936295
Pseudonocardiaceae,1314.43306566234,453.181020031109,123.306147896879,894.962202345207,102.662282434575,113.00755342454,1207.363548987,1114.80501118582,31.6613402780548,0.769369310257591
Chitinophagaceae,4791.45606446073,513.850376908126,941.04317262764,1145.77477486364,2331.11612072994,2044.09747826337,1673.25084226078,2265.44889045088,1993.24113074845,30.656394306791
Deinococcaceae,114.814268266697,260.551268200677,913.734699920784,304.470612516281,3589.86632662787,827.695118759766,202.96218934806,1816.20371519727,342.910446814387,21886.8809114885
Prevotellaceae,181.673916536392,86.8257623794236,5.12766672773125,171.900249001929,1331.76544753185,2587.9175420357,1182.0348984901,10.0804291627206,40.2632555568178,73.9478260773412
Carnobacteriaceae,420.088031823507,164.294342401818,1789.19349003461,513.9293108195,213.225444359294,1424.27534753009,781.383131189165,20914.5549695166,128.874135766763,773.001840357218
Methylobacteriaceae,2332.21936236867,191.340177010949,467.291079408107,509.300656507791,797.87244465743,255.818919657187,579.974584576441,188.59794769406,1250.44800713736,230.153547409634
Leuconostocaceae,27.0806450589433,198.155772249341,1363.60408959615,508.806411140212,2221.93903968547,1736.31670540839,44.5170884042931,289.295467077263,1241.15291811383,5.72418448989026
Intrasporangiaceae,2553.23701032617,440.553330204103,23.6060577181221,712.51540357951,1353.30739894518,4626.84731341956,1280.77942033719,4358.0853552815,187.271640815661,2021.83641349931
Halomonadaceae,0.510806674712022,0,952.574469752348,2.5481033089912,84.1595388156831,12.203203012736,7.84005366073233,260.851095397839,157242.697546841,4.91171938074103
Fusobacteriaceae,67.6041986545177,133.408620618468,261.055052178783,206.852187071403,271.156814579602,960.717183898757,55.1382939601497,0.285331561809965,402.939819243103,2729.88498758308
Geodermatophilaceae,1181.61075091398,848.920558326,108.62851981827,268.370429362351,548.87845975583,7.75332160321466,2156.70618140459,14261.9837558245,167.053143755326,427.370134236908
Hymenochaetaceae,238.475573040125,4770.73558843013,6249.23788559052,1555.97018420752,1364.81285819215,4559.66128778558,1134.8570881019,2.02077964316912,23.7486950630592,0.74913997507765
Peptostreptococcaceae,49.3839094692137,48.190482720583,35.1493112916755,147.204134336286,83.4062716701313,119.238617425934,0,9.29465074417982,517.941043093611,1410.53580112078
Xanthomonadaceae,589.964614081621,344.285004681032,457.729299510463,153.440324811256,632.566105904534,765.368762890339,239.37849904707,960.832742332445,1040.69870065579,562.056179776134
Brevibacteriaceae,0,4.21282204907576,0,7.43735105726393,567.415548089115,2.53052476130239,538.779318330841,20.9613305584227,375.303993377665,0
Porphyromonadaceae,77.5706712560632,215.215708258676,15.0125687303866,990.145218520822,1293.67575899432,2404.86888151234,379.62881067971,234.034947239379,11.0674609250071,1523.8902527875
Bacteroidaceae,89.0529024497277,8.11515631551316,1375.13080284715,103.244224990388,820.918898903001,148.460464759554,1384.84850547323,672.598451457565,996.809800062275,71.690580324677
Polyangiaceae,1316.0643380737,464.842237266193,1683.76975383635,2017.61710137184,283.408710323264,572.035796630232,8207.63971788955,338.89595460986,1666.82563159717,1351.5743663587
Leptotrichiaceae,10.3145201493959,90.5889677720841,3.1216072097188,245.627585280916,245.333716751993,599.48948861453,1353.87637158119,706.572655895649,128.349272859749,211.331000718396
Aeromonadaceae,325.162177531707,430.335220673981,448.178937566407,476.654709979465,3167.71671540362,111.795778077226,82.7302750916251,0.509865932119169,162.617600501851,131.886472076802
Sporormiaceae,7009.11373094491,200.084639970914,91.2938933486933,254.650572351278,2421.5239460578,1370.97639573674,1602.87831860803,38.4877832964501,79.95858425504,0
Dermabacteraceae,78.0719718819171,119.987474604958,10.9029156811006,357.068771731681,28.2151413519758,881.505159176867,376.149991807958,0,216.612316511785,0
Ruminococcaceae,64.5356864609521,242.103334655745,26.6666657219486,160.451905914818,145.909706799256,427.081215662413,589.103430941768,314.917247229652,2715.31574536434,0
Acetobacteraceae,1994.90801035698,181.806092842161,37.9660608979966,363.216002898019,1116.37585817282,424.32528655682,2090.66179003159,5938.55718884878,3608.94728833418,2691.96491555522
Pleosporaceae,6238.72778183527,8.16659828779486,27.7596492396805,4.59055818899525,99.7922030381059,30.5084679140173,6.83254398253724,36.5345834097757,0,18.7835540466492
Micromonosporaceae,2303.39794737966,94.9445570008378,268.915372280624,163.100173303945,117.837053243467,7.95974453999163,1179.93498325925,5102.29428042506,1.44074674464307,0
Ceraceosoraceae,1657.74730622476,2770.86993189201,7288.34926122119,1084.09268430128,0,1.721653138097,149.554022072969,0,0,28.6585824072994
Planctomycetaceae,3594.2006617369,427.506947897451,473.399398145295,742.44736866859,658.812410614374,318.890935419038,1344.36652954957,781.463507592231,1996.19336616029,187.226355362265
Burkholderiaceae,429.543296107211,469.947337356674,409.019921626805,543.52426355088,431.86508305429,715.732690597558,819.100507146474,206.356527247844,1.40834278269335,283.775124342838
Phyllobacteriaceae,1175.46150661992,0,4188.69074119616,63.4557347261308,88.9533831849244,2406.54630926978,1628.34247688977,821.947619457991,0,9113.75685249714
Physaraceae,530.047976956548,115.024913809475,0,249.416513633431,0,18.1721350335989,2.94188793280351,0,0,0
Dermacoccaceae,118.532114912825,205.975049477347,3.3784896954718,73.8961946220757,89.242966599721,610.198120858095,387.985099127399,9.31398383750422,0,1.59326837680758
Planococcaceae,36.7925445366429,733.33297141754,4.45817315957146,269.44745564989,669.565454054647,1095.90162222696,339.456543839752,136.070458490805,128.647890494314,163.629431276065
Atheliaceae,545.966281332125,7273.76908467005,6161.61648070588,1920.44460085148,1052.73456627933,270.884254794622,134.892369347316,0,14.9535317802289,0
Fabaceae,60.9091057224529,50.8570953211859,52.1227947604965,0.416205763042877,102.834156472952,175.631379577526,511.275178607634,184.62759300666,1085.588149877,11.3299349873241
Onygenaceae,257.914243455443,4678.77385335083,3855.32415657917,2463.48440141279,1700.80744167076,1218.3451389635,2977.14873716854,6.79391594297538,247.005695198276,0
Solanaceae,4.58023800012144,5.68034576639791,7.77902486454187,19.9448992123298,335.437421357938,235.942423253995,28.7544728551937,0,0,0.498940549624195
Trueperaceae,28.3139762910315,0.954485475478303,242.806810783731,31.7955303473797,6.41861134619793,4097.8699174848,343.392853053645,861.630753822117,14.8428321963095,0.482670872088286
Aerococcaceae,211.614995369035,18.315155693349,6.96644316384612,624.402356897927,832.575051755852,2083.42154661722,89.2366862195011,261.917248204004,68.5273259231544,0
Phanerochaetaceae,172.140139028745,2734.16190733562,6801.11894598469,2473.14494585969,3403.87739411324,4207.79041564883,2565.11454690553,659.993004991359,246.152985888261,343.546979672504
Gnomoniaceae,3780.74635715382,657.034587746346,69.3146054353339,2051.84598835711,124.317514451291,588.615732665755,563.612037375725,0,541.415009887456,5.40142400758389
Amaranthaceae,1158.95721994463,20.6887659785593,733.062684633289,87.6156212596292,234.75579367958,441.491449731271,322.049897944977,1201.65382116904,37.1372951702013,0
Listeriaceae,1.56628503998845,0,0,0,0,4.24299746317664,83.3117889301385,0,73.2559559193628,0.904952369987349
Bifidobacteriaceae,120.435124383184,19.4400466506458,44.8021876986682,257.997081996577,107.609870536582,159.291526818382,152.664120821257,0,0.706537591919363,14.6208294000879
Omphalotaceae,27.9353308180132,62.3993664730891,28.5223782101464,148.639611246274,22.2007560465342,52.154202588366,178.062196889086,0.695399401319709,0.211583391547928,51.9940151122414
Polyporaceae,362.409934021401,2979.55609986624,1503.06200479349,2380.53418390478,1763.19759715324,441.561241303625,2511.98699994744,104.965424486288,112.284958479702,783.919030672683
Rhizobiaceae,573.320495427634,186.920745015776,4.44634852651908,173.689409225212,91.5169706680646,417.432096993768,842.078934288744,203.300995373288,4.41354907203389,675.895640650896
Caulobacteraceae,968.003057429399,476.185648625197,1512.20928043782,1242.00125535717,318.618561614187,48.1658357652872,433.40756979644,187.19160959212,0,3543.78850273832
Ktedonobacteraceae,2.50861108512166,7.26355515061274,3005.64957356565,67.9438404234577,66.8011424674334,0,111.945448842448,0,0,0
Asteraceae,98.5447523131232,78.5578938235556,158.614396413507,145.213937197527,393.273452356023,1291.76083291524,194.880908492509,17.2060993276964,341.281296739237,147.792909807665
Phasianidae,1.36094489240501,0.471547715158261,1050.50577684808,0.278155327637626,1.24087221670677,89.6063548212006,30.0353829998386,0.710107358392176,220.388866909547,0.0600967817174116
Campylobacteraceae,337.033096188089,489.154157671499,0,317.382952853805,1885.59084590852,36.3828326828029,17.9083140242897,602.282809317428,1278.1566871795,2899.15855733645
Peniophoraceae,160.423920972412,1437.6025638184,904.130596647015,1704.28121637257,63.9900059085384,595.28228963763,557.378358584895,0.850541213911641,0.905581752539211,0
Sphingobacteriaceae,1215.6096672888,160.447730179279,105.400504427203,103.656339934586,15.5559405672488,274.48347248061,313.027192962582,550.466588985768,50.209767451042,0
Alcaligenaceae,75.5421307555616,88.8971954440254,0,430.836959997961,967.900861861947,0.265646086289744,330.023457098251,27.3894549959636,300.5249703864,13.4049887636313
Cellulomonadaceae,516.020798461605,6.50956762682651,38.3481713160519,129.685937937601,419.605148847194,0,509.941410573568,3268.66951578979,1834.32087359699,0
Enterococcaceae,34.2861466554258,542.877144249088,33.5996591537707,66.5708718387699,603.839459138303,73.7300072972079,137.175583399749,2117.27721267939,1149.5684111968,39.9655028024918
Acidobacteriaceae,3174.8721542718,46.009446763339,285.546244092976,181.676216085421,738.311355377701,21.7083233451978,688.837305441747,114.788606363516,9.45534132035755,0
Canidae,2.33478260538299,33.1930435324059,100.204057048993,84.9223733459276,44.2940571554909,7354.27048783121,265.286142478229,1.17816781960335,10.7073325304996,557.370781727678
Bradyrhizobiaceae,4752.63119331925,36.3434089262314,23.0445865541486,102.255532017783,526.143975702827,600.201342245514,1144.2416832907,2337.91829913493,164.947960900197,171.845091378293
Musaceae,0,0,0,0,3.65257198145527,0,0,0,0,784.606163909394
Nocardiopsaceae,35.9287399707127,0,33.8109985508029,60.5954782699933,4.53124911364403,0,2222.57688803483,1675.09394451092,0,0
Paenibacillaceae,221.773517071746,21.3809391881539,9.67719672310236,54.4541949793318,303.132153972624,0.310938887643956,522.421715204945,0,15.7749052832945,155.144954471377
Nostocaceae,0,57.848996011749,406.021256713786,93.5211936444508,1.3905356051914,40.6120569667814,936.293485965412,0,0,86709.9280934777
Tsukamurellaceae,14.4082950250367,4.26996378179241,837.338629822605,0,0,32.4833710200486,34.662681207064,34.7644387439052,85.4995848974833,0
Patulibacteraceae,762.254110018242,58.4091985943538,0,219.929059769102,0,447.353876590966,27.6481797613642,1605.41125610487,2110.75143831209,0
Adinetidae,58.9007568452517,0.27796703038886,0,6.68298842270966,0,0,0,16.0578332778143,378.54230294729,0
Sclerotiniaceae,91.4379415664012,55.2523243244248,0,705.318557411683,710.269288241741,23681.8048476533,0,0.39453942805339,41.8154141345785,0
Hyphomicrobiaceae,444.199116542877,56.9307010513321,13.0122910499406,57.6293447026575,148.485083984346,92.8666417374133,205.288525287627,2209.93044823162,0,2253.10978038253
Rhizopogonaceae,141.873664990021,2267.15836042173,897.216533271688,682.173174305248,2707.55466532293,1611.69447343027,2921.49006170182,1.45919812134269,68.6707902593202,1.93786377386319
Brucellaceae,0.226824226859655,0,1769.96218629952,57.2521575325195,0,208.305878458928,1607.28828612669,810.234002892282,0,4161.75209303265
Trichocomaceae,59.3576655015916,53.0489104047621,6.89725235410423,132.435982081086,124.235156890837,23.3673876900281,105.286181833883,154.066129948458,0.388869352132858,0
Erysipelotrichaceae,69.1186648297236,44.3280088743578,0,117.18614086416,11.7472100097841,62.1381273783003,717.649847830668,234.82947596526,258.05434884395,2.25901153841102
Cystofilobasidiaceae,99.3404729258709,1889.89521746582,392.058006307142,3733.36422555204,615.089850618951,720.210421961248,949.893713180694,2654.48887912048,7.02385507762246,44.6211584641488
Cunninghamellaceae,391.265584614515,5957.16213838999,1443.67622248784,1509.08428354519,2062.13985936957,1419.62194417605,1421.99531643447,0.780816271303511,0,155.012305412633
Ustilaginaceae,227.25053037724,425.420245949273,21.6276796644327,57.1065737236574,431.097803875811,4.46839882353679,8.07501397849294,0,0,0
Botryobasidiaceae,106.007301879613,2133.61752587832,456.548724915542,729.812719628383,613.759621838664,282.705661579299,228.890662829428,10.2355637222572,0,0
Spirochaetaceae,7.36528132976627,0,0,10.2818697525388,260.442886870781,178.686468636292,0.506758424391397,0,30.8930697703896,0.0819346865910995
Didymellaceae,3546.29344682716,0,2.20073365567474,40.5193592645086,12379.1499988112,3757.31474679452,0,0,21.6488360705167,0
Tricholomataceae,56.8758877218095,1085.25164803625,358.407011599595,524.51080953259,436.30816906764,457.358605480106,77.2077365084148,263.966929603956,0,20.6872664219257
Nakamurellaceae,838.091811822562,57.3284336713146,4.60636849238773,377.851794223342,144.998743866912,195.627381483158,992.453308907184,2975.20361776695,11.2221582032049,0
Bdellovibrionaceae,859.525018802392,35.0139581105874,0.543869489831921,364.358718226962,249.184653898114,0,0.106396056538123,0,358.643954290971,0
Shewanellaceae,54.2943529007228,12.7090413635938,162.154648499326,0,30.764037012471,0,0,0,22.8060961976892,0
Rivulariaceae,0,105.149654024961,0,71.6766646213098,0,567.849720313869,0,0,332.348459209612,0
Hydnodontaceae,21.3835975168448,549.685844425435,396.226232512198,282.869786486125,25.4205758655174,2948.08757529666,569.694990842776,0,61.9663750501502,0.687725794363444
Pseudoalteromonadaceae,3.17606027303446,27.2013793745177,4.9360715119499,205.10044152898,120.202792549974,3.58392834889229,200.538804408624,50.9362758262331,14.9765926856203,3.32607694990364
Lentinaceae,130.429859400542,1798.5207326459,1313.83346093573,762.762842847157,542.799153396238,279.156003714879,897.891665780688,0,0,0
Isosphaeraceae,559.546989712381,0,0,172.811578061673,42.4581107496131,404.668684433585,58.0812582850936,0.19165042180275,5.82851453163275,0
Myrtaceae,1025.46733767429,120.596689677754,50.8356708038838,40.0693936754785,9.81474598724894,19.5194951509396,0,32773.4055604037,0,0
Marchantiaceae,196.803700109741,73.5192889657381,10.1168053620438,582.929652882489,243.386894796341,498.049939688572,776.760237178618,0,0,29.0395327927432
Rhodospirillaceae,118.705173166407,45.925871587136,40.1544392985693,238.858335456,53.6908946190284,194.603824757048,0,848.473977788226,195.217161304942,0
Rhamnaceae,0,0,0,0,0,3.04376276355627,0,0,0,0
Onchocercidae,17.1277112267144,125.717029045307,1.23902617275762,1.68877282170918,0.481623454690122,0,0,347.9893701931,0,150.429055336015
Bartonellaceae,0.878389852189035,0,0,0.83355088299068,517.99757888623,0,0,0,0,0
Schizophyllaceae,131.772057301051,1391.27732871177,586.005776125494,1217.74370420033,52.3591288671467,1066.37021048047,216.938473641563,0,0.122410047390408,1.39055390115747
Gordoniaceae,208.034632392684,1.7021726700761,116.664969439202,0,54.604937012972,62.1918408154303,4.02268507080896,0,164.436332797431,41.3049049964807
Dietziaceae,59.3876129148908,0,0,0,240.247035052792,0,6.74871020261193,0,163.056378094238,1.1894556464019
Chthoniobacteraceae,1309.53084328469,57.3013998217479,17.0604117588441,114.218859907923,1325.66137074821,243.662844256846,908.007857206752,10.0221059074356,0,0
Acidimicrobiaceae,4035.56722155491,66.0570752691848,11.2885143204271,596.021340893678,1951.89687026932,137.457270095382,521.163093546433,792.257013884283,51.8579584806932,281.446046244238
Aureobasidiaceae,5256.26847871726,68.3810749152123,144.303290793118,7.78647454703056,0.179047460896226,0,418.983411549123,0,0,660.44769388693
Kineosporiaceae,357.648191946805,9.80817044935401,13.9242943725024,37.8411953026215,109.475542028789,0,10.3062903279601,0,47.49762940722,0
Juglandaceae,68.2525032829507,0.71189945813366,0.906492546418618,0,0,0,0,0,0,0
Dermatophilaceae,0,23.6412838738558,0,11.5211250200018,0,0,0,0,0,1.30246593420222
Cladosporiaceae,682.960612785144,9.7321248822928,0.25057333127244,82.9232802238243,216.641899073179,218.358805059049,38.4759121685615,0,0.732793690050944,133.269114914828
Nectriaceae,284.072735368478,174.502689207475,150.60871603278,51.0850837989355,0.452235298995647,126.108387513198,18.8193042613846,23.349222473532,294.63413449343,39.4605575406477
Pleurotaceae,7.7180168235149,1586.23943505835,673.676512026061,632.124918729698,1642.96746244566,672.711456665734,114.82873457226,0,0,0
Sporidiobolaceae,104.869021031877,1.21700118440853,605.827591235481,0,333.378860007538,37.0059322168424,6.51775915521654,423.529362559774,3.69068806681907,0
Glomerellaceae,68.0104465913175,0,4.13961662910728,15.2313514705731,3.94916979284227,48.2293366771619,27.1112533346383,0,0,0
Phytoseiidae,0,0,0,13.0056680708666,2.23435532325527,2.33159675333402,1.17664877009629,0,50.6598962186151,0
Chironomidae,8.60135503989273,0,0.127099431730237,9.27695776102989,189.303389624132,1974.1146803592,313.012912898052,0,12.2710825698312,2.32775447017716
Psyllidae,4.4426055924371,8.47628041156809,0,25.8888098662937,32.4421084284017,28.5349440876486,42.1210687225478,318.703882488206,574.082097208242,0
Eubacteriaceae,6.95967857928118,0,0,73.7330476671405,50.643131133938,375.076970976873,0.262723518812992,10.1133016946867,0,0
Sympoventuriaceae,146.051944090504,2.27030800643443,13.6717071522623,0,6.4736303881139,132.629575377254,0,0,30.4671843816705,0
Mycoplasmataceae,5.91032240061707,76.6092561553814,0,0,0,939.781166820422,5.10028071982114,0,2.06071258304107,0
Melampsoraceae,397.2053328757,8.86202384102502,813.955472825434,0,8.8215982907819,98.321730400743,3.79093792309239,0,0,0.161233285331005
Solirubrobacteraceae,1479.48461726112,4.73419503023899,23.9682781930737,815.248076783486,24.0322553473207,16.3912646985473,58.9503202782444,83.4506099714421,0,234.260421177908
Brassicaceae,12.6697413848279,66.5578993436048,156.097663488684,130.098023400722,75.9001937646723,12.5703042260873,557.66418437861,2.347908910657,3.79405668663397,0
Peronosporaceae,153.413315656307,14.8168791023939,2.35981507052549,159.561320352158,3.5487004748432,0.117368855381197,30.6558905887487,0,0,0.701070411972124
Chromobacteriaceae,3.840259258389,2.41122368154898,0,27.8933822472993,16.2483903579427,0,0,811.606152057497,0,0
Corticiaceae,110.542485640466,250.293306038318,519.456609329689,581.780531489,922.156293722753,178.685075324506,348.03176781888,0.396850773568659,0,12.3174086213061
Rubrobacteraceae,46.6177362442123,82.873809584158,0,68.2140135442186,10.3645358688195,0,0.721290680286609,100.175097734919,114.189785220248,0
Sinobacteraceae,346.207494449623,46.3874584013241,58.9332521720188,3.17994001037857,2.19284443032579,31.2986740284551,18.9138227985636,0,81.1987515820904,1160.94176136406
Cleomaceae,150.277365164627,792.184851690352,1281.96642781043,552.647413743015,530.021390854061,56.4981936334593,154.804764885759,0,0,0
Laminariaceae,310.713905369372,15.0214361546301,0,143.235571029335,0.239016278819177,14.2025894192361,46.1476250003769,53.5657152846641,1471.93961057132,0
Rhodocyclaceae,746.239023476681,0,1.46285794771146,34.0084297299805,1329.63530322566,12.5514866592963,0,24.3119456368069,2.99692659790292,0
Pediculidae,0.0976572625864837,0,90.3378203829705,12.0705859342176,17.2290657949943,0,30.727437264951,0,0,0
Williamsiaceae,198.918164101746,0,14.3410646724432,0.761670085301933,2.65908820859702,5.2976249059203,18.3646144878756,0,0,0
Vibrionaceae,345.408143892366,71.5275600472337,32.1542676114817,0,44.4199663277309,0,0,0,4.63802406407985,0
Moraceae,0,0,0,0,0,0,0,0,0,0
Legionellaceae,315.137905533295,0,1032.87165570689,30.5548950825824,554.464708358156,0,96.6151112555282,0,0,0
Felidae,0,2.60704075543794,0.316673180916017,1.00742278893404,0.554234543526101,18.8174315042623,4.3990171276392,555.589325080208,0,0
Solibacteraceae,105.012759441176,11.5422655803495,51.0380085701415,0,7.61267311551481,3.60718635579994,0,62.2138690230702,392.366363211618,7684.04408816569
Mucoraceae,0.477345815025579,4.687425598764,0,41.0571859692458,26.3045439413943,0,0,0,1.44204959192196,0
Bromoviridae,0.314456934750652,0.644388982649428,1.77106918887223,0,0,0,373.075408606993,0,0,0
Hydrogenothermaceae,0,0,0,0,0,0,0,0,0,0
Frankiaceae,476.291385364759,0,360.676547187597,1.24336148857309,0,3097.31987327067,315.194530911375,11.2432248006881,0,0
Bondarzewiaceae,2.75183861738892,34.4348449020361,0,2.86778893968575,8.56532385457113,111.927680570247,18.1687723003402,0,8.12032427507018,0
Pseudeurotiaceae,99.5869535122767,84.3811872757708,0,5.47705391399109,0.713291498645088,536.999708533524,78.4239106301904,0.97560845563039,45.9165007145275,0
Cannabaceae,473.133303576225,56.960797567699,78.0624697279333,0.742960805327184,256.242227138745,221.986656019144,958.667977338711,0,0,0
Klebsormidiaceae,74.7944805337021,3.4706297078085,274.112493785571,0,8.3978831167142,0,0.410374430080884,0,0,0
Rosaceae,33.3123254790093,0.394682153664914,172.130391588842,17.8027309795179,12.9643331015363,31.4279773346291,683.01560793969,999.750900916364,0.0978089177435447,0.495566120896205
Thermaceae,0,0,0,0,0,0,0,0,0,0
Atopobiaceae,13.1650564915882,0.855053779457033,0.480454122353534,5.00311213198156,6.66344302282457,0,24.2407805427307,0,1.16956091670639,28.2550627823771
Fimbriimonadaceae,102.81926400585,42.1791027659024,0,0.372846948686196,0.69176788245325,78.3690249553351,140.930203440853,0,0,0
Parameciidae,81.9968668633636,19.6742919707687,0.83568797064573,31.4512034881174,0,0.607496593528776,221.193040265596,0,0,0.351192271176244
Aurantimonadaceae,275.864611296198,0,246.97451051831,36.3612126913749,0,5.90252122614522,39.5396228662546,0.544225472601576,0,0
Herpotrichiellaceae,145.764741713719,5.34950544378294,246.378775376637,4.50795707238702,2.50020087202371,1190.30477298524,205.434704466598,0,0,0.622354418460633
Alteromonadaceae,1.7252715391593,0,0,0,68.5742092043268,0,0,18.5395683453695,95.6101373038665,0
Erysiphaceae,192.326985632743,26.5346260329876,1.23754486742412,17.3612020440544,0,0,288.454136614068,2.32990119341097,0,0
Debaryomycetaceae,5.97959172577425,13.5053267606641,67.2150350333091,40.8105186905094,39.9584275831868,199.596472208836,14.3781046166884,0,1.51265078661924,982.431619386058
Chromatiaceae,0,1.03582137511425,0,164.77662700596,0,0,0,0,0,52.0944180239994
Sphaerobacteraceae,110.076216522113,36.1323348845708,484.02607875078,2.68866556863931,0.325126290814224,0,232.633532267458,1321.4035845378,1.65670555528966,0
Peptococcaceae,149.100922907061,8.47953700503841,15.778529115777,258.262223459674,0,20.5644838104766,12.8633078364194,0,25.9092265156354,0
Sutterellaceae,0,0,0,0,0,26.220943723838,4.58591479418834,0,4.93523168815609,0
Siphoviridae,0,0,0.178153148803614,0,6.89819016959739,64.6694220242036,0.110004419891478,0,0,1.3635864524491
Pyroglyphidae,0.886202335799513,0,0.489319355825922,6.18555216212464,0,0,59.4545451161004,0,0,0
Chordariaceae,287.476792453809,19.8548606985604,548.971331009565,5.66004099462825,327.24317058453,3.60550390882704,5.61638483920615,0,0,0
Mycosphaerellaceae,416.990641793624,79.931260337138,0,66.9879824563763,53.7635109358332,117.221944775026,16.8235185493826,0,0,0
Alphaflexiviridae,0.455343334079382,0,0.705366461670722,0,0,0.137870659503302,1.00870836759945,0,0,0
Retroviridae,3.22657842658145,0,0.942104871639906,19.7046345525958,3.37921691669136,1.00520352007002,4.54132492604278,36.4126466792584,5.34585381179354,122.828603437945
Coxiellaceae,20.7697890279912,47.2050929347881,372.742040086823,0,0,0,48.9233092826604,0,0,0
Verrucomicrobia subdivision 3,1352.78019504882,0,0.238885726991127,2.68273316368288,0,8.70251854343253,30.7581433699072,0,0,0
Microchaetaceae,82.3322805694149,17.2990633322165,6.67475915905639,38.2202045265169,27.4142033310328,189.443917503871,180.339811539726,0,31.5732306656507,786.85476362927
Diaporthaceae,324.272978666806,29.6394533290393,0,20.4637870634758,3.87860765776795,175.804449993882,12.6355579175735,2.99374435187162,0,0
Myxobolidae,237.12894505991,6.35889028462189,55.7939159060838,0,11.5317713922084,909.817307793369,0,8.39421572962422,0,0
Caldilineaceae,583.74074662694,0,0,269.394291548082,0,165.999558492223,0,0,0,0
Filobasidiaceae,92.759021809189,0.328398213025495,0,0,48.3693037572745,3.09701268155669,0,0,3.67318772686001,0
Virgaviridae,3.06681459183437,0,0,0,0,0,0,0,0,0
Sordariaceae,2.59051334061382,0,14.2416410218151,2.80641193929367,0,0,0,0.831541017652855,0,0
Methanosarcinaceae,0,0,0,0,0,0,0,0,0,0
Hypocreaceae,336.86095503658,10.7669314009345,0,92.2775978360817,822.868967461492,38.7265160367665,0.181157264461256,424.396755380347,0.724632657534438,0
Xylariaceae,9.44042269376369,0,214.719875962447,119.863166518778,169.746344894609,0,1930.81241253595,0,0,12.9783126329258
Amanitaceae,57.5887607867124,275.572719056889,1183.54931117101,389.263151086386,139.663485556885,0,270.947371925936,0,0,782.048146873732
Agaricaceae,32.7813344857298,317.624103755331,923.619875551045,182.815068024227,129.17149606106,84.3716189072292,62.9684763720526,0,0.449300106557846,0
Formicidae,0,1.90063017239836,69.4828149628545,12.7368765903483,0,0,13.5656409189094,196.118651469635,131.523355831294,0
Methylophilaceae,46.849510020164,36.3114807920876,7.06613917914204,33.8162991344814,16.8981271645636,36.2864269471557,40.2862740021764,0,0,0
Fomitopsidaceae,0,51.18794379779,0,0,0,0,0.0954485490660885,0,0,0
Aphididae,0.134634094717562,0,0,0,0,31.1217828654289,17.9152632082098,0,75.2323386964277,27.7835297134519
Clostridiales Family XIII. Incertae Sedis,0,3.49421909680783,0,0,0.835622963349642,0,0,0,0,0
Verrucariaceae,65.7570470194391,4.52597470178081,0,11.337660149686,0,0,0,0,0,0
Cryomorphaceae,125.240883359851,6.63645437374043,76.9119828569502,21.7769838832698,31.2598374373812,0,2.43112681948464,264.289276596675,0,0
Thripidae,58.7874749409671,0,47.3783179269075,15.9206856954059,12.3709793070765,5.83197436749553,334.487229619279,0,0,0
Verrucomicrobiaceae,446.442883632817,8.06614354064356,2.57128855395194,9.23406384408531,29.2356162909697,239.235607985569,1157.36278558961,7.81462987751382,0,0
Rutaceae,0.97083792864787,0.651707686116248,12.9882410159947,1.1847164164995,0,0,0,0,0,0
Methylococcaceae,10.463475427163,8.06960353649212,0,68.9524033222963,0,0,71.2957987908551,0,0,0
Haemonchidae,0,0,0,0,0,1.46059604574213,0,0,0,3.41709614758216
Myxococcaceae,9.42427673371075,0,0,0,0,0,0,0,0,0
Ectobiidae,22.0342503890868,0,0,23.1980965493695,27.5438774780202,0.238563843809028,0,4.58016474801904,0,7.45479196495508
Gemmatimonadaceae,93.8525363751814,57.0000465607283,664.412052907567,212.024844989505,66.8983577958321,6.82248884071885,152.368826487944,0,0,0
Cordycipitaceae,10.1932984560195,37.3377477863103,0,28.6196914240228,1.31894607172423,0,117.098196316711,0.560911299861891,0,165.878766947649
Trichosporonaceae,325.140306405746,212.828067032186,84.5324676233573,510.945625583631,0,12.0379402410754,49.9715311606911,24.6648503959704,0,0
Tephritidae,2.55001462454292,19.6523390324937,193.970483690784,8.37861071166015,2.11954897302848,140.449924285774,33.615126297007,60.3720216435344,0,0
Helicobacteraceae,29.5414604423896,0,1.56174306277426,170.969489425468,0.308042860343121,87.4635830848995,137.953875872275,0,0,0
Cystobacteraceae,46.2592750767405,5.21693251963798,655.300090218414,0,0,0,0.595801405615109,0,0,0
Psathyrellaceae,21.7599023372471,43.5176920276537,215.215110234571,42.5784823619265,19.0511640801451,0.911399251298722,10.2156448133702,0,0,17.8863670591706
Erythrobacteraceae,9.96568944562051,0,2.80614071230271,2.00114997483839,0,0,0,0,9.81168475192468,0
Cellvibrionaceae,109.651989814352,6.26027128307737,0,29.2376078318525,92.7554447846963,0,0.806726259340572,0,200.242046354163,0
Tilletiaceae,58.5809587443838,34.2904695157509,0,565.608604954791,0,3.41178210928268,0,0,0,0
Phaffomycetaceae,0,8.51369829517391,0,11.6562079066567,1.10248883737657,0,0,0,129.345087193991,1048.1189471552
Spizellomycetaceae,1914.68276355095,0,4.42175929866783,0,0,0,0,0,0,0
Rikenellaceae,4.95758265773688,13.3040103396002,0,14.6946724513732,0,0,0,0,0,0
Microascaceae,17.1971100188247,0,0,29.1223757726216,0,115.80235539797,0,0,0,0
Entomobryidae,25.5099274262113,102.31650744033,0,34.4492804637711,7.38510415793888,235.828420455527,21.7041919505221,0,0,0
Termopsidae,0,0,0,0,0,0,68.4174452278671,0,15.2195191931192,0
Thermomonosporaceae,0,0,0,0,0,0,0,0,0,0
Methylocystaceae,156.305925086367,0,0,26.3629763844676,19.1521324238852,239.558029526367,221.513842516129,0,0,0
Acidaminococcaceae,5.95602543299359,0,0,0.361441879278846,37.7705357820405,0,0,39.3330386191172,0,0
Orbiliaceae,8.56463629530845,0,487.686867034911,5.5083066162786,0,889.182743183539,0,0,0,0
Rickettsiaceae,67.3780312156076,16.1416464984675,0,6.16730177838307,3.80616464983974,1.61621795309609,32.4447552973829,0,0,0
Aquificaceae,0,0,0,0,0,0,0,0,0,0
Cryphonectriaceae,236.263724261191,234.491833211281,0,249.17508193835,81.937649310849,583.502337784468,0,0,5.03966317636338,10.4588395326376
Streptosporangiaceae,0,0,0,8.24808018699097,0,0,24.5605109266967,0,0,0
Funariaceae,39.2714686918604,0,3.6767604995655,2.45021746348351,0,0,0,0,0,0
Geobacteraceae,201.310367078194,0,0,266.714517604517,0,43.7563574442279,0,0,0,0
Oxytrichidae,37.7107909003775,0,0,19.9560957008378,0,0,0,0,0,0
Lichtheimiaceae,7.14444391107061,0,3.66708568254001,0,0,2.08630241773188,1526.42325780088,0,0,0
Cucurbitaceae,0,0,114.444214575486,0,18.5350258312248,77.4052889757985,0,0,2.08897747393154,58.169648767322
Kofleriaceae,248.155193475404,1.68997359058234,5.2589268414662,120.29717161878,27.7439454229013,37.4666833150061,0,0,0,0
Myxotrichaceae,0,51.1663940854633,0.344085437916208,3.00104712567548,69.2927961912343,7.68400188969309,220.329311906971,0,52.4759087613664,0
Orbaceae,0.985554192285949,0,0,0,0,0,82.805569008862,0,0,0
Sanguibacteraceae,93.286000954536,0,0,0,0,0,0,0,0,0
Rhodanobacteraceae,15.2963183487535,0,0,0,0,0,0,0,0,2058.96876897454
Mussidae,27.1591524885795,0,0,0,0,0,0,0,0,0
Bacteriovoracaceae,36.9821302240104,5.89670025824236,0,0,6.76184810709392,0,64.2779508776349,0,0,0
Ephemeridae,0.709773957036711,4.23153577956807,0,6.3995879962386,0,4.18484666167353,6.37104509091916,28.5137606849615,0,953.218696722517
Mixiaceae,279.021530889985,363.054639431446,0.339111007350152,157.819366406285,1244.61401074266,68.1085893443485,0,7.59852562271637,0,0
Anatidae,0,0,0,0,0,0,0,0,0,3.67213409274807
Crepidotaceae,2.20170518703874,174.463858426653,0,0.927103284043349,0,0,0.592593014789556,0,0,0
Psychromonadaceae,0,0.970551030230883,0,0,0,0,0,0,0,0
Nelumbonaceae,0.197788850497426,0,0,0,0,0,0,0,0.330913380713993,0
Salinisphaeraceae,0,0,0,0,0,0,0,0,0,0
Hydrogenophilaceae,0,0,3.08398718930015,0,0,0,0,0,0,0
Oceanospirillaceae,0,16.0745453491728,0,12.9830850184878,0,0,92.0765827596876,21.2314599806137,2.49180207552782,0
Phoridae,0,5.5992097513344,63.443958244622,15.6023808378634,2.16926685450668,0,0,0,0,2.0518990294207
Helotiaceae,2.7135522198004,41.5859515397909,12.57093669482,30.5179329545036,0.388854223375639,146.10194695718,0,0,0,0
Panagrolaimidae,4.30353923049886,0,49.0394760415832,0,0,0,150.92451739984,0,0,0
Venturiaceae,5.17333921141753,0,0,18.3524269437113,0,72.2476850107061,47.4226619927983,0,0,0
Apiaceae,1636.45942512506,0.431695530271808,0,1.7850553940812,111.823696549444,23.6132954604744,0,0,0,0
Physalacriaceae,0,1.14968823473677,0,0,0,0,0,0,0,0
Taphrinaceae,553.933405034464,4.02087008805841,4.12080518129834,12.6175357543721,52.3664794255527,34.3809971887967,0.755064990109526,0,0,0
Opitutaceae,92.9961479362235,50.8040332468264,0,0.138047423406704,259.474859257224,752.016676200124,5.2997267584869,0,0,0
Thiotrichaceae,0,0,0,0,0,1.27620491948149,0,0,0,0
Nitrosomonadaceae,418.155212792271,0,0,0,0,0,0,0,11.5486964013575,0
Methanobacteriaceae,0,0,0,0,0,0,0,276.689357229104,0,0
Chlamydomonadaceae,74.768436100469,74.5854148144443,0,0,0,27.4382343994443,0,0,0,0
Blattabacteriaceae,1.33165093370122,0,0,0,0,0,0,0,0,0
Umbilicariaceae,57.9826585032734,0,16.9892008663642,11.2160463044427,0,0,0,0,0,0
Phaeosphaeriaceae,3.1121309941959,1.13424242382941,0,64.628821382695,1.74316366043463,4.43748617869389,0,0,0,0
Salicaceae,0,0,21.2059397438385,0,0,0,153.254715668829,11.228524377541,0,0
Thermoactinomycetaceae,0,0,0,0,15.9244618016314,0,0,0,0,0.622357906939157
Heteroderidae,455.77484600184,17.3716608192338,0,0,0,0.740167104281736,0,890.816131288674,0,0
Tulasnellaceae,0,382.128664732676,73.2895020076944,44.0762600887706,65.7329970972547,158.409053113329,29.9439407574883,0,0,0
Dactylopiidae,0,0,75.3220230322456,0,0,0,5.96280830647717,122.900629848633,0,3.07206095305552
Clavicipitaceae,8.50916816297927,23.8431970815236,0,26.6454610036531,0,301.752161938996,0.122147933463637,0,0,0
Punctulariaceae,6.12543221849417,39.7497794854844,0,313.994451818671,32.3647134063491,0,0,0,0,0
Cyclobacteriaceae,0.106901291581679,3.05804981225831,0,32.5793269162807,0,0,0,0,3754.19156210519,0
Phycisphaeraceae,107.150406377218,0,0,4.22934478806073,0.778048538085908,0,0,0,0,2.76835449647351
Thermoascaceae,5.50667272220617,0,0,0,0,0,0,0,0,0
Cortinariaceae,20.9645882634927,167.066487570075,88.3865824231462,14.7822932232872,12.7794805450065,7.89363997302549,0,79.5660173598076,0,0
Gloeophyllaceae,18.2118324919474,157.314647012994,0,16.581051157122,0,973.866223242383,0,0,0,0
Moritellaceae,0,0,0,0,0,0,0,0,0,0
Rhodothermaceae,45.5717627949745,0,0,0,0,0,0,6.88676569118953,0,0
Thermoanaerobacterales Family III. Incertae Sedis,0,0,0,0,0,0,0,0,0,0
Prorocentraceae,59.9217237453323,3.8897195775056,25.6463749797569,52.2447149908997,0,0,112.148767783555,151.70236133189,0,0
Ceratobasidiaceae,0,78.7984431126776,94.6774876245208,53.0120840284525,0,0,0.0804987798592914,0,204.314741365687,0
Diatrypaceae,0,0,0,0,0,191.510167742207,150.702110153315,60.0876820981277,0,0
Actinidiaceae,0,4.47574698252483,161.459767889269,2.98940650429085,0,0,1.22163923820895,0,0,839.042988013371
Vitaceae,20.8847675574384,0,0,0,0,0,65.4291026906742,0,0,0
Trypanosomatidae,0,0,0,11.6689865614924,0,0,0,0,0,0
Cecidomyiidae,17.1938578110456,0,121.178224456541,0,0,0,21.8772046524025,104.969718939391,0,0
Malvaceae,1.18203522212848,0,97.8806473346931,0,0,0,0,0,0,0
Caryophyllaceae,0,244.326660535625,13.8221832032837,0,592.295728169326,0,23.603998940601,0,0,0
Brachyspiraceae,0,0,0,0,0,0,0,0,0,0
Lyophyllaceae,11.1189487591505,86.6492609061653,45.1547337596597,29.9821705868615,247.120784604585,20.9204088279593,0,0,0,0
Anaeromyxobacteraceae,1.30534528790186,54.3553848853207,0,28.9884303489634,0,7.46089645705666,0,0,0,0
Anaerolineaceae,216.915412365032,0,0,4.62022349959396,0,0,0,0,0,0
Gyrodactylidae,0,0,0,38.2496454204057,0,0,0,0,0,0
Akkermansiaceae,0,0,0,416.882953802295,4.82152316704764,0,5.0136402437187,0,346.200323885902,0
Jonesiaceae,0,0,0,0,0,0,0,0,0,0
Cucurbitariaceae,118.209738501609,46.3333704900578,0,0.671542052779186,1436.68445470923,1.77459796070918,0,0,0,0
Succinivibrionaceae,0,0,0,13.4832584555706,0,0,0,0,0,0
Nitrospiraceae,61.5428281636046,0,0,1.34787135779448,0,0,0,0,0,0
Sandaracinaceae,12.7696096898471,12.6423417321797,153.20928822224,148.353707803374,1.71241561777787,0,0,0,0,0
Chaetomiaceae,5.53753542767102,0,0,2.63458476963667,0,750.777194295616,0.220939265512997,310.078854431059,0,0
Psychodidae,0,0,0,13.6495992242378,0,0,0.285151403268084,0,43.3437994394809,1154.0808846853
Lamiaceae,78.5189789660992,8.11210080632939,0.445924443999708,3.56601953577235,237.779301063414,36.3298904156592,0,0,0,0
Nannocystaceae,46.1368709280743,4.38872293324649,0,136.549636255955,0,0,0,0,0,0
Ophiostomataceae,48.8577232845404,14.6442405459203,29.7740348644376,15.0013553071584,17.2061693073424,22.8891896895938,0,0,0,0
Dugesiidae,6.15798214802135,0,0,0,0,0,0,0,0,0
Albuginaceae,0,0,0,0,15.1383891855679,0,0,0,0,0
Tremellaceae,17.7616951278298,6.54597358207555,0,10.822217385969,0,0,0,0,0,0
Chthonomonadaceae,18.4945174056674,60.8763412355901,1.00900726462911,18.1210540687788,0,0,0,0,0,0
Spiroplasmataceae,0,0,0,0,0,0,0,0,0,0
Strongyloididae,0,0,0.291553828128991,0,0,0,0,0,0,0
Asterinidae,0,0,0,0,0,0,0,0,0,0
Trichuridae,0,0,0,0,0,0,0,0,0,0
Paxillaceae,13.7796446728035,120.594244640049,227.733112213984,0,0,8.65676552822531,0,0,0,0
Alligatoridae,6.71006767387714,0,0,0,0,0,0,0,0,0
Acholeplasmataceae,0,4.28806333999319,0,0,0,0,1.06584521948531,0,0.254514101685438,0
Oscillospiraceae,0,1.47605305433819,0,1.81176018392623,0,0,0,0,0,0
Metschnikowiaceae,10.8827501509203,0.686076750469554,0,0,0,0,0,0,1696.39349555705,0
Diopsidae,21.3487010362273,2.66376864778652,0,11.3698380831635,0,0,0,0,0,0
Dacrymycetaceae,0,66.9438363743856,0,81.1336571795829,1.38729276102163,0,11.0561536860921,0,0,0
Ancylostomatidae,0,0,0,0,0,0,0,0,0,0
Microthrixaceae,11.5836664615795,16.965787833953,379.48101875553,1.16144585263418,0,0,0.414912631774299,0,0,0
Didymosphaeriaceae,0,0,0,36.3322359190804,0,0,0,0,2.75542056766689,0.0773897414011324
Promicromonosporaceae,0,0,0,0,0,0,0,0,0,0
Alicyclobacillaceae,0,0,0,0,0,0,0,0,0,0
Coriobacteriaceae,1.59831538294242,0,0,0,0,0,0,0,0,0
Thalassiosiraceae,21.5065090384664,0,0,2.1909979089841,0,1131.65033665486,9.05194767196235,0,0.578806981636793,0
Coccomyxaceae,70.3947151823531,0,0,0.99920989035044,0,70.7912180204855,96.3539829544061,0,0,0
Pneumocystidaceae,0,0.212286932299079,0,0,0,0,5.51572356450177,18.8409295559764,42.3264523133946,0
Botryosphaeriaceae,3.39390532932128,0,1.7816844647581,0,0,0,4.64465244396993,0,0,0
Parachlamydiaceae,114.687433803947,13.4878380196222,0.340322433585264,0,0,2.76985137418642,0,0,0,0
Halobacteriaceae,0,0,0,0,0,0,0,0,0,0
Monodopsidaceae,1.15651955521335,0,0,0,0,0,0,0,0,0
Flammeovirgaceae,53.0692128915858,0,0,0,0,0,0,0,0,0
Oikopleuridae,0.798833314448563,14.3382133003702,0,0,0,0,0,0,0,0
Gigartinaceae,0,0,0,0,0,0,0,0,0,0
Beutenbergiaceae,0,0,0,6.64510925516417,0,0,0,0,0,0
Cronartiaceae,0,0,0,0,0,0,0,0,0,0
Desulfovibrionaceae,7.7099443513041,0,0,0,0,0,0,0,0,0
Syncephalastraceae,17.6980260589471,0,0,0,0,0,0,0,0,0
Drosophilidae,0,0,0,0,36.3695853794584,155.707295623526,1.62533576509259,0,0,0
Orchidaceae,62.9283896287768,0,0,0,0,0,0,15.1519482943549,0,0
Dicistroviridae,0,0,0,0,0,0,0,0,0,0
Arecaceae,22.5567780223014,0,0,0,0,0,0,0,0,0
Tymoviridae,0,0,0,0,0,0,0,0,0,0
Gloniaceae,4.850162235314,0,0,0,9.00389413134435,0,0,0,0,0
Ganodermataceae,0.824092534452117,24.4276028187366,0,0,0,0,0,0,0,0
Exidiaceae,0,279.163501455268,0,25.2640512930373,22.4577160813166,0,0,0,0,0
Euphorbiaceae,0.767584577930788,3.94360217498473,0,0,0,0,0,0,0,0
Erythrobasidiaceae,15.6944853627689,0,0,0,0,4.54888654624667,0,0,0,0
Saccharomycodaceae,1.85417992109091,0,0,0,0,0,0,0,0,0
Prolixibacteraceae,0,0,0,0,0,0,4.2840756415576,0,0,0
Synergistaceae,0,0,0,0,0,0,0,0,0,0
Bogoriellaceae,0,0,0,0,0,0,0,0,0,0
Anaplasmataceae,31.5985068367852,26.779656274672,0,0,0,0,0,0,0,0
Edwardsiidae,10.0014959579541,0,0,0,0,1.50374860401902,135.426499183642,0,0,0
Leptospiraceae,0,0,0,0,287.363508742163,0,0,0,0,71.4608984882634
Amoebophilaceae,336.311992251551,0,0,9.27125004660144,36.8062689574386,0,0,0,0,0
Iflaviridae,0,0,0,0,0,0,0,0,0,0
Sclerodermataceae,2.74962589525819,0,0,0,0,0.472686436484537,0,0,0,0
Magnaporthaceae,3.78179670634648,0,0,0,0,51.1834299351914,0,0,0,0
Meliaceae,0,0,0,0,0,0,0,0,0,0
Saprospiraceae,58.725621938096,0,0,0,0,69.8888480961228,0,0,0,0
Lentibulariaceae,4.31018312609346,3.52898833698875,0,0,304.386525864224,0,0,0,0,0
Strophariaceae,8.27739229066036,17.4952826560151,0,0,0,0,0,0,0,0
Numididae,0,0,0,0,0,0,0,0,0,0
Hyalellidae,7.04861262341164,0,0,0,0,0,0,0,0,0
Pythiaceae,2.8827025583894,0,0,21.1595248200377,0,0,0,0,0,0
Sporichthyaceae,29.4500531666915,0,0,0,12.6554427976897,0,0,0,0,0
Conexibacteraceae,17.2814864564112,0,0,5.68765611539778,0,0,0,0,0,0
Valsaceae,11.5130964382076,45.7408268683115,0,14.9235374496063,0,0,0,0,0,0
Xanthobacteraceae,28.7605976566627,0,0,0,301.109307662432,0,0,0,0,0
Microdochiaceae,0.18971337045537,0,0,0.43240068595781,0,0,57.8414912082702,0,0,0
Mortierellaceae,15.0058244800909,0,0,1.18311989754238,0,150.972335442837,0,0,0,0
Selaginellaceae,0,0,0,0,0,0,0,0,0,0
Trichomonadidae,0,0,0,0.240049073656231,0,0,0,0,0,0
Saccharomycetaceae,0,0,0,0,2.02455795745193,0,0,0,0,0
Desulfobacteraceae,0.478520093181109,0,0,1.89094377745579,0,0,0,0,0,0
Hysteriaceae,2.58973239824427,0,0,0,0,0,0,0,0,1.78513361096144
Balamuthiidae,18.3439953603182,0,0,5.57447901499378,0,0,0,0,0,0
Cyprinidae,0,0,0,0,0,0,0,0,0,0
Glycomycetaceae,0,0,0,0,4.23362545858695,0,0,0,0,0
Cardiobacteriaceae,0.432422969805568,0,0,0,0,0,0,0,0,0
Clupeidae,0,0,0,0,0,0,0,0,0,0
Meruliaceae,0.165887818245601,3.58979035680914,133.467152998131,9.77963553799552,0,39.0677566592732,105.499507777654,0,0,0
Cryptosporangiaceae,0,0,30.3183002718914,0,0,0,0,0,0,0
Pelagibacteraceae,0,0,0,0,0,0,0,0,0,0
Beijerinckiaceae,10.0719383242799,0,0,0,0,0,53.2788081417261,0,0,0
Pieridae,0.853259265800075,0,0,0,0,0,0,0,0,0
Trichomonascaceae,0,0,0,0.861153978584194,0,391.771680078019,0,0.776854269178452,0,0
Ectothiorhodospiraceae,108.747809137283,2.16558845860322,0,1.0058311302473,0,0,29.6374289442576,0,0,0
Reticulomyxidae,0,5.48350720710752,0,0.783121675862899,0,0,0,0,37.4885565748854,0
Cicadellidae,0,0,0,0,0,0,0,0,0,0
Myoviridae,0,0,0,0,0,0,0,0,0,0
Arthrodermataceae,0,0,0,83.6242631248559,0,0,0,0,0,0
Tenebrionidae,0,0,0,0,81.4760131158116,0,0,0,0,0
Pisolithaceae,0,0,0,0,0.3165830721105,0,0,0,0,0.0977662815802931
Idiomarinaceae,0,0,0,0,1.0783964091326,0,0,0,0,0
Scytonemataceae,7.85095603787239,0,0,0,0,0,0,0,0,0
Bacillales Family X. Incertae Sedis,0,0,0,0,0,0,0,0,0,0
Pichiaceae,0,3.4805906087786,0,0,0,0,0,0,0,0
Puniceicoccaceae,0,0,0,0,0,0,0,0,0,0
Fervidobacteriaceae,0,0,0,0,0,0,0,0,0,0
Planorbidae,0,0,0.751581702108272,0,0,2.17995077232368,0,0,0,0
Rhizopodaceae,0,0,0,0,11.9035351461483,0,0,0,0,0
Clavariaceae,10.3735024182207,2.13874747833141,3.834494010266,0,16.4438429801458,4.92547606090832,14.1279303110277,0,0,0
Acrididae,0,0,0,0,0,0,0,0,0,0
Methanosaetaceae,0,0,0,0,0,0,0,0,0,0
Tetranychidae,0,0,0,2.41780762893601,0,2.35761243203903,0,0,0,0
Desulfobulbaceae,0,0,0,27.6572186745869,0,18.9852952531282,0,0,0,0
Curculionidae,0.533075146900137,7.09681288401381,0,0,0,0,0,0,0,0
Nymphalidae,17.4235434880394,0,0,0,0,0,0,0,0,0
Gregarinidae,0,0,0,0,0,0,0,0,0,0
Plasmodiophoridae,0,0,0,0,0,0,0,0,0,0
Plectosphaerellaceae,7.29470600688222,0,0,0,0,0,0,0,0,0
Meloidogynidae,0,0,0,0,0,3.21866583334189,12.5909698516471,0,0,0
Leptosphaeriaceae,0,0,0,0,0,0,0,0,0,0
Chlorellaceae,0.248699662742831,0,0,47.3406326021467,0,0,0,0,0,0
Brachybasidiaceae,0.871224807511488,1.74710910105289,0,0,0,0,0,0,0,0
Boletinellaceae,0.843491027807015,40.4508992072616,3.26939837550976,13.8205082363378,0,15.2090148969863,153.675639422723,0,0,0
Cladoniaceae,0,0,0,0,0,0,0,0,0,0
Melanommataceae,1.29206659833192,0,0,0,3.53041396230629,0,0,0,0,0
Togniniaceae,4.62489669004848,0,0,0,0,2.5545490873969,0,0,0,0
Tuberaceae,0,0.971358966519432,0.337633867024897,0,0,0,0,0,0,0
Glossinidae,0,0,0,0,0,0,0,0,0,0
Roseiflexaceae,17.9764201776827,0,0,0.455454842291161,0,0,0,0,0,0
Camisiidae,0,0,0,0,0,0,0,0,0,0
Leucosporidiaceae,2.66577339323028,0,0,0,0,0,0,1.27382682979841,0,0
Rubritaleaceae,0,0,0,0,0,0,0,0,0,0
Eggerthellaceae,0,0,0,3.61371439585553,0,0,0,0,0,0
Scarabaeidae,0,0,0,0,0,0,0,0,0,1.76139032257003
Rhabditidae,10.2904305721023,0,0,0,0,0,0,0,0,0
Cystobasidiaceae,0,0,0,1.28488599581463,0,0,0,2.4856982262038,0,0
Halobacteriovoraceae,0.701698516057399,0,0,0,0,0,0,0,0,0
Apidae,0,0,0,0,0,306.20785809508,0,49.3961152517492,0,0
Sporocadaceae,24.0397279983843,0,0,0,0,52.3938363012273,0,0,0,0
Saprolegniaceae,10.1487622668563,0,0,0,0,0,0,0,0,0
Achipteriidae,0,0,0,0,0,0,2.38079598856076,0,0,0
Braconidae,0,0,0,0,0,2.50879731166839,0,0,0,0
Calliphoridae,0,0,0,0,0,0,0,0,0,0
Selenastraceae,0,0,0,0,0,0,103.816775574354,0,0,0
Plutellidae,0,0,0,0,0,0,0,0,0,0
Teratosphaeriaceae,49.4056328077943,0,0,0,0,0,0,0,0,0
Carangidae,4.07541541220229,0,0,0,0,0,0,0,0,0
Ardenticatenaceae,11.7603618211737,0,0,0,0,0,0,0,0,0
Ophiocordycipitaceae,0,0,0,0,0,0,0,0,0,0
Pedaliaceae,0,0.158607310181293,0,0,0,0,0,0,0,0
Halieaceae,0,0,0,0,0,0,0,0,0,0
Vulgatibacteraceae,1.7890724838643,0,0,0,0,0,0,0,0,0
Muridae,0,0,0,0,0,0,0,11.1657370071366,0,0
Steinernematidae,0,0,0,0,0,0.821117856450573,0,0,0,89.7198566588866
Trichinellidae,0,0,0,0,0,0,0,0,0,0
Dipodascaceae,20.1442671457864,0,0,0,0,0,0,0,13.3871819124638,54.3811308668089
Salmonidae,0,0,0,0,0,0,0,0,0,0
Colwelliaceae,0,0,0,0,0,0,0,0,0,0
Desulfohalobiaceae,6.44196600213249,0,0,0,0,0,0,0,0,0
Suillaceae,0,0,0,0,0,0,0,0,0,0
Massarinaceae,26.7138349201407,0,0,0,0,0,0,0,0,0
Hyphomonadaceae,1.6599049596918,0,0,0,0,0,0,0,0,0
Alcanivoracaceae,0,0.79608539049311,0,0,0,0,0,0,0,0
Jaapiaceae,0,103.50726609847,0,0,0,0,1.28704784930619,0,0,0
Elusimicrobiaceae,0,0,0,0,0,0,0,0,0,0
Chitinivibrionaceae,0,0,0,0,0,0,0,0,0,0
Ixodidae,20.1584579634397,0,0,0,0,0,0,10.3023143504409,0,0
Dehalococcoidaceae,18.5291517231917,0,0,49.0070440956429,0,0,0,0,0,0
Cerambycidae,0,0,0,0,0,0,0,0,0,0
Endornaviridae,0,0,0,0,0,0,0,0,0,0
Bionectriaceae,0,0,0,0,0,0,0,0,0,0
Daphniidae,0.997010982474622,0,0,0,0,0,15.3394220936184,35.2837206287989,132.09411955232,0
Primulaceae,0,0,0,0,0,0,0,0,0,0
Limnephilidae,18.4326686866771,0,0,0,0,0,0,0,0,0
Gongylonematidae,0,0,0,0,0,0,0,0,0,0
Thermogemmatisporaceae,0,0,0,0,0,0,0,0,0,0
Macrostomidae,0,0,0,2.34685363689109,0,0,6.57836846977377,0,0,0
Heteropediaceae,21.5520894919535,0,0,7.71094409701147,0,0,0,4.79643243612698,0,0
Ceratocystidaceae,0,0,0,8.15544608040442,0,55.5480817437253,0.236958311431499,0,8.97552459454799,0
Piscirickettsiaceae,0,0,0,0,0,0,0,0,0,0
Vespidae,0,0,0,0,0,0,0,0,0,0
Sarcocystidae,0,0.954688532176198,0,0,0,0,0,0,0,0
Francisellaceae,0,0,0,0,0,0,0,0,0,0
ssRNA viruses,0,0,0,0,0,0,0,0,0,0
Mermithidae,0,0,0,0,0,0.468093020212055,0,0,0,0
Cryptosporidiidae,0.38033807471835,0,0,11.8766212369669,0,0,0,0,0,0
Catabacteriaceae,0,0,0,0,0,0,0,0,0,0
Fistulinaceae,0.736854672773178,0,0,0,18.7007472678018,0,3.68440372311054,0,0,0
Phyllostictaceae,0,0,7.70325011725974,0,0,0,0.11881575019957,0,0,0
Syntrophomonadaceae,0,0,0,0,0,0,0,0,0,0
Scenedesmaceae,0,0,0,0,0,0,0,0,0,0
Sporolactobacillaceae,7.09092976227964,0,0,0,0,0,0,0,0,0
Nitriliruptoraceae,0,0,0,0,0,0,0,0,0,0
Teloschistaceae,1.29857775872385,0,0,0,0,0,0,0,0,0
Pluteaceae,0,15.4889212311043,0,0,0,0,0,0,0,0
Prochlorococcaceae,0,0,0,0,0,0,0,0,0,0
Rutstroemiaceae,0,0,0,0,141.631314721581,0,0,0,0,0
Lymnaeidae,0,0,0,0,0,0,0,0,0,0
Marinilabiliaceae,0,0,0,0,0,0,0,0,0,0
Tipulidae,0,0,0,0,0,0,0,0,0,0
Dermateaceae,0,0,0,0,8.60633123942652,0,0,0,0,0
Apocynaceae,0,0,0,0,0,0,0,0,0,0
Polygonaceae,0,0,0,0,0,0,0,0,0,0
Eresidae,7.94627103324953,1.25685255592948,0,0,0,0,0,0,0,0
Ascarididae,0,0,0,0,0,0.724710284538585,0,0,0,0
Ajellomycetaceae,0,0,0,0,0,0,0,0,0,0
Alloascoideaceae,0,0,0,0,0,0,0,0,0,0
Spongiibacteraceae,0,0,0,0,0,0,0,0,0,0
Chaoboridae,0,0,0,0,0,0,0,0,0,0
Scatopsidae,0,0,0,0,0,0,0,0,0,0
Blastocladiaceae,1.99662780151041,0.522384889185861,0,0,0,0,0,0,0,0
Holophagaceae,0,0,0,0,0,0,11.9368366693776,0,0,0
Gerridae,0,0,0,0,0,0,0,0,0,0
Bromeliaceae,0,0,0,0,0,0,0,0,0,0
Delphacidae,0,0,0,0,0,0,0,0,0,0
Neocallimastigaceae,5.7095393908246,0,0,0,0,0,0,0,0,0
Coniophoraceae,0,0,0,46.5636698015855,0,0,0,0,0,0
Auriculariaceae,8.25538760917961,9.33255608968657,0,0,0.980326991217689,1.20596586471055,0,0,0,0
Pentatomidae,0,0,0,0,0,0,0,0,0,0
Papilionidae,0,0,0,0,0,0,0,0,0,0
Chlorobiaceae,0,0,0,0,0,0,0,0,0,0
Hypoviridae,3.28335562957333,0,0,0,0,0,0,0,0,0
Marasmiaceae,0,0,0,0,0,0,0,0,0,0
Capnodiaceae,41.6764344041401,0,0,0,0,0,0,0,0,0
Amborellaceae,0,0,0,0,0,0,0,0,0,0
Corynesporascaceae,0,0,0,0,0,0,0,0,0,0
Syrphidae,0,0,0,0,0,0,0,0,0,0
Ignavibacteriaceae,0,0,0,0,0,0,0,0,0,0
Partitiviridae,27.6324648279336,0,0,5.13226749676866,0,0,10.9907361439972,0,0,0
Desulfomicrobiaceae,0,0,0,0,0,0,0,0,0,0
Mamiellaceae,0,0,0,0,0,0,0,0,0,0
Bacillariaceae,0,0,0,24.1678670974668,0,0,0,0,0,0
Deferribacteraceae,0.20195383740565,0,0,0,0,0,0,0,0,0
Methanocorpusculaceae,0,0,0,0,0,0,0,0,0,0
Strongylocentrotidae,0,0,0,0,0,0,0,0,0,0
Hyaloscyphaceae,0,0,0,0,0,0,0,0,0,0
Syntrophobacteraceae,0,0,0,0,0,0,0,0,0,0
Porticoccaceae,0,0,0,0,0,0,0,0,0,0
Culicidae,0,0,0,0,0,0,0,0,0,0
Herpetosiphonaceae,0,0,0,0,0,0,0,0,0,0
Stachybotriaceae,0.157033049490134,0,0,0,0,0,0,0,0,0
Luteoviridae,0,0,0,0,0,0,0,0,0,0
Legeriomycetaceae,9.5232382882843,0,0,0,0,0,0,12.9707387664763,0,0
Sciuridae,0,0,0,0,0,0,0,0,0,0
Linaceae,0,0.179345629416099,0,0,0,0,0,0,0,0
Steganacaridae,0,0,0,0,0,0,0,0,0,0
Demequinaceae,0,0,0,0,0,0,0,0,0,0
Columbidae,0,0,0,0,0,0,0,0,0,0
Urostylidae,0,0,0,0,0,0,0,0,0,0
Caricaceae,0,0,0,0,0,0,0,0,0,0
Tilletiariaceae,0,0,0,0,0,0,0,0,0,0
Thermotogaceae,0,0,0,0,0,0,0,0,0,0
Pteromalidae,0,0,0,0,0,0,0,0,0,0
Nosematidae,0,0,0,0,0,0,0,0,0,0
Ruaniaceae,0,0,0,0,0,0,0,0,0,0
Hylidae,0,0,0,0,0,0,0,0,0,0
Serpulaceae,0,1.00837020804188,0,0,0,0,0,0,0,0
Musophagidae,0,0,0,0,0,0,0,0,0,0
Chionosphaeraceae,0.940237894091734,0,0,0,0,0,0,0,0,0
Methanomassiliicoccaceae,0,0,0,0,0,0,0,0,0,0
Natrialbaceae,0,0,0,0,0,0,0,0,0,0
Saksenaeaceae,0,0,0,5.81977510420978,0,0,0,0,0,0
Fibrobacteraceae,0,0,0,0,0,0,0,0,0,0
Potyviridae,0,0,0,0,0,0,0,0,0,0
Ancylistaceae,0,0,0,0,0,0,0,0,0,0
Sphaerobolaceae,0,0,0,0,0,0,0,0,0,0
Thermodesulfobiaceae,0,0,0,0,0,0,0,0,0,0
Perlodidae,0,0,0,0,0,0,0,159.87848783217,0,0
Haloplasmataceae,0,0,0,0,0,0,0,0,0,0
Chlamydiaceae,111.107074252097,0,0,0,0,0,0,0,0,0
Balneolaceae,0,0,0,0,0,0,0,0,0,0
Symbiobacteriaceae,0,0,0,0,0,0,0,0,0,0
Buthidae,0,0,0,0,0,0,0,0,0,0
Fundulidae,0,0,0,0,0,0,0,0,0,0
Noctuidae,0,0,0,0,0,0,0,0,0,0
Amphisiellidae,0,0,0,0,0,0,0,0,0,0
Narnaviridae,0,0,0,0,0,0,0,0,0,0
Ephydridae,0,0,0,0,0,0,0,0,0,0
Tissierellaceae,0.327215907538235,0,0,0,0,0,0,0,0,0
Corvidae,0,0,0,0,0,0,0,0,0,0
Vahlkampfiidae,0,0,0,0,0,0,0,0,0,0
Marinifilaceae,0,0,0,0,0,0,0,0,0,0
Trichoceridae,0,0,0,0,0,0,0,0,0,0
Criblamydiaceae,0,0,0,0,0,0,0,0,0,0
Reticulascaceae,20.6329387866424,0,0,0,0,0,0,0,0,0
Passeridae,0,0,0,0,0,0,0,0,0,0
Reduviidae,0,0,0,0,0,0,0,0,0,0
Convolvulaceae,0,0,0,0,0,0,0,0,0,0
Porphyridiaceae,0,0,0,0,0,0,0,0,0,0
Clostridiales Family XVII. Incertae Sedis,0,0,1.43303025464282,0,0,0,0,0,0,0
Mytilidae,0,0,0,0,0,0,0,0,0,0
Podoviridae,0,0,0,0,0,0,0,0,0,0
Chrysochromulinaceae,0,0,0,0,0,0,0,0,0,0
Candidatus Paracaedibacteraceae,0,0,0,0,0,0,0,0,0,0
Caviidae,0,0,0,1.74764247021989,0,0,0,0,0,0
Syntrophaceae,0,0,0,0,0,0,0,0,0,0
Eimeriidae,0,0,0,0,0,0,0,0,0,0
Stratiomyidae,0,0,0,0,0,0,0,0,0,0
Tombusviridae,0,0,0,0,0,0,0,0,5.3993206369947,0
Hahellaceae,0,0,0,0,0,0,0,0,0,0
Gammaflexiviridae,0,0,0,0,0,0,0,0,0,0
Strongylidae,0,0,0,0,0,0,0,0,0,0
Melioribacteraceae,0,0,0,0,0,0,0,0,11.3716466350627,0
Baculoviridae,0,0,0,0,0,0,0,0,0,0
Chrysoviridae,0,0,0,0,0,0,0,0,0,0
Entomoplasmataceae,0,0,0,0,0,0,0,0,0,0
Lasiosphaeriaceae,0,0,0,0,0,0,0,0,0,0
Hyphochytriaceae,1.43737833775481,0,0,41.2739620603106,0,0,0,0,0,0
Chloroflexaceae,0,0,0,0,0,0,0,0,0,0
Opisthocomidae,0,0,0,0,0,0,0,0,0,0
Buprestidae,0,0,0,0,0,0,0,0,0,0
Ostreidae,0,0,0,0,0,0,0,0,0,0
Closteroviridae,0,0,0,0,0,0,0,0,0,0
Triopsidae,0,0,0,0,0,0,0,0,0,12.4502027890308
Aplysiidae,0,0,0,0,0,0,0,0,0,0
Geometridae,0,0,0,0,0,0,0,0,0,0
