,chaoexpo22_I12,chaoexpo51_I6,chaoexpo56_I5,chaoexpo44_I15,chaoexpo28_I15,chaoexpo74_I6,chaoexpo56_I12,chaoexpo70_I6,chaoexpo62_I6,chaoexpo75_I12
Stereum,52129.0985120524,337139.796184273,620137.026812316,404757.546832111,79655.188947611,319508.270960884,19521.3765945624,1227.57223237366,4250.21131547311,108102.469149233
Pinus,11710.7836760298,5474.00702920682,1196.68171099525,111.431901704458,1331.53849564597,4941.91619750895,4858.77946981509,0,4261.81963941756,41.3986571175709
Aspergillus,873.763356836331,1202.38766023094,2071.1810781093,1863.68239201943,409.677641897416,1056.28174521511,35620.5261457393,7816.70208815998,11651.7473145877,4039.7431808121
Penicillium,4693.72281206017,2368.4919296172,2199.50933198583,4364.37469637705,203760.546443701,1929.26054326986,8058.16517469816,55.6926588156728,403.922380124647,444.222757853506
Preussia,103827.940502289,4634.3765222765,1018.59649453798,5360.42791982802,6594.41990338537,13938.08187727,16220.7205288517,12535.862346505,16455.3739470565,858.944088245267
Propionibacterium,243.014057291359,9.07031469879846,1195.74460631586,157.613982947577,2434.02954275818,21.0532839864753,19153.1267245779,4479.16465404787,48.3484110652913,20.089717070588
Staphylococcus,53.8854274034858,164.121838090114,0.339773840869352,7883.87381163187,116.486186386481,6349.63391377614,430.084172828449,513.646653138598,282.8833957195,26.3913525461014
Trametes,4177.31483994092,19033.0112051827,40899.1067770896,63985.2939034341,39586.0867296486,7886.54228383561,111918.125393294,10.9826601828023,2738.12976487791,145.551261188002
Talaromyces,256.372772576569,2742.07052346371,179.445733943457,1479.24110664539,226.936544853637,469.153458557005,3530.70055729805,241758.829264145,137.267805347333,7.31892925065092
Bacillus,374.064485131974,475.558341672942,627.248590066698,278.134169347737,341.767591488667,4138.26804200324,10162.1630467244,45611.9109873333,7238.46009013019,39.3690107222131
Malassezia,23.9679292277602,101.75004216894,2872.79537326909,107.23870678703,162.170392786698,0,2716.57601092995,12.7056070298762,138.357284105105,2118.15169096643
Botrytis,5866.05033196016,109.299382609928,4.65901433652112,34121.655139689,0,244723.008007941,5.36457561755132,0,0,0
Acinetobacter,311.278172582681,14.4722381907725,0,220.008291648879,46.8214410680953,189.074849402101,12.0445878063486,5632.57441843288,11663.9021707151,124200.679181092
Sistotremastrum,68.0274730926772,3954.26889969531,1800.96287042338,6873.59445828049,1986.1860212062,3607.46863914329,13903.7617729929,23.1868188446077,1283.22370497881,157.822570475094
Fraxinus,39.7415026883949,2.95351695232583,61.1696113489314,6.28546949648508,0,0,203.310497863753,0.298850481804108,0,0
Corynebacterium,10.3392472568857,56.6697637265178,2999.82509658304,328.45249519185,1.83089774406645,31.096818616418,37.9899985076974,5192.56486361722,7.75852054938821,70.5336861911416
Streptococcus,4.21917484896677,4.00821064748235,16.3849761661987,415.203709050201,22.6593597463431,59.1925557268562,3833.00327468577,136.558941348828,59.3631633334836,141.075102901428
Alternaria,2086.61417161382,0.193067166417271,0,16.6331443201447,872.845135088028,0,36.7065485480616,0,0,0
Melampsora,181646.833096772,139.791040423521,46.6823198890181,134.03911168682,0,196.018967401557,43.8441996847865,47.5441108382008,10.0956784439607,0
Quercus,174.049697560816,5.28085118738371,0,0.0675064254663808,0,0,0,17.861902706655,213.694187765501,11.3845610412209
Escherichia,0.282141664210119,0.512680048086344,0,0,0,0,0,0,0,0
Canis,25.4614743594723,60.0644930455412,0.450931562372533,5312.23439411373,88186.9580744351,4915.66811736461,372.496130616637,12611.7340508336,25.7026882241821,1193.29059125167
Cladosporium,6245.33263441233,407.278748008411,179.377200909454,774.713938480683,2628.81656449374,1939.00051784881,1618.92793459522,26.624949866053,343.890300974864,1.26255001609418
Schizopora,416.967508784845,4209.08132274734,4439.71238272956,8607.03784502213,3833.70519979504,6168.42415035787,4630.49592058154,1.83576833649994,5.71953560654,19.1372970889694
Fibulorhizoctonia,3165.48391340039,8047.97503273492,5731.21810524733,8202.96529683135,480.250344941038,211.228163386979,168.180377642195,0,3.58291121828095,4.16237042821577
Mycobacterium,3.23537071876058,25.9046593117006,0,0.905520091405695,0,0,0,0,0,0
Musa,0,0,0,0,47.220450642074,0,0,0,0,0
Betula,44083.3753132099,93.1582259867223,18.6294554633132,30.2583308262518,17.4870897537528,274.549412912297,990.041505413873,251.464764588805,21.9904540583132,0.785044061416455
Phanerochaete,613.550052512655,5014.97213854049,6681.982563144,6410.2940136265,2812.12157271047,4226.18463514953,14308.678947062,40.9235159638945,501.318152741147,420.842432761138
Phialocephala,29.0152639810909,2420.41651315659,1301.47281788718,2056.13359580233,1165.74386424493,2236.75715343255,190.950704505154,18.6789828589811,5295.29445074424,5.46281071341281
Pseudomonas,165.359495043294,25.0454430387395,0,28.5426162283376,0,34.6267369501319,0,0,256.729643162819,0
Aureobasidium,159627.055207245,1004.17005037504,0.231370452662029,75.8215548109395,0,0,258.966706863874,0,1.11038615115947,8748.65974976743
Ustilago,466.083458231557,4.21022260288029,12.1629852474831,129.167417572057,0,6.72511505919737,0,0,0,0
Rhizopogon,3.29248877003027,171.905011194827,225.925672781842,1835.16548051229,10240.4555988118,1165.7639567339,2871.10991859919,1.98175657850714,4.43352635600397,2.02567430742077
Tilletiopsis,1630.71399809348,950.678227408051,318.984495745452,249.408272075544,34.7549810546022,1134.46173815747,0.67385100923738,0,2.12313390095889,0.138697454650244
Trichinella,0,0,0,0,0,0,0,0,0,0
Phytophthora,20.7299916213128,15596.7962503034,0,0,30.7465425447348,0.418604943379276,0,0,0,4657.60803281497
Cronartium,0,5986.54591289491,0,1762.77798278685,0,18.2828438393925,0,0,0,0
Amaranthus,21.6419746001997,0,0,0,0,0,0,0,0,0
Fusarium,804.168811078783,108.93609857456,782.220881636149,658.813070110032,848.635225610432,164.64718751072,2726.01998145823,1799.70875103219,0.720080692025561,0
Atopobium,0,0,0,0,0,0,0,0,0,0
Baeospora,12.885634190051,93.6886602466562,84.0436068881668,145.465585582876,18.7105169127427,86.8862781283863,36.9563950716981,0.610599114475214,0,19.9875854865271
Phlebiopsis,861.701724874613,3875.59481834581,14215.6914287562,10315.5835726913,530.968580368419,4998.75966164241,9004.72281416185,2.72916011904262,2307.32028158833,1888.80619809266
Humulus,3065.0702138275,259.521577125506,2.97161302911698,516.821990709354,394.575664814981,255.709868448416,1988.99626453526,1033.95561554665,79.1163287280436,0.176234102852048
Mobiluncus,0,0,0,0.117139688444584,0,0,0,0,0,0
Neurospora,10.8302048619147,8.71505633690424,0,89.248478194068,0,0,0,1203.26272804481,0,0
Alcaligenes,0,0,0,0,0,0,0,0,0,0
Pseudogymnoascus,219.912455901143,117.723595910347,29.7755208627526,174.783045829462,281.246149729135,423.215336924153,9321.21969342118,742.508655792642,1593.33327627627,3.57816839361526
Paenibacillus,138.311742636302,4.60167913864794,5.70149566476598,25.7970428394804,31.3040375604359,26.0577050762342,196.731313191352,1187.34255713508,194.918729964574,10.2711629653111
Triticum,621.333492395462,19.2322262184764,17.5988011950923,140.482183454202,237.637190558688,46.3707899567586,23.3553442829543,7.12915001090776,49.7502467881768,0
Capsicum,0,0,0,2.17253419212817,0,0,0,0,0.814358754511016,0
Filobasidiella,61.3568284698432,0.325158654217925,0,11.4665681478472,0,0,0.921213893602564,0,0,0
Picea,22496.5456983661,3994.79254060941,1.62868366097468,0,1.92952427077181,6.90959025535112,2.4247215879259,0,0,0
Thermoactinomyces,70.9584926615649,0.602631971703865,48.8690248322359,5.12000573370959,117.657519639087,0,1199.26029818314,0,11.5358800239672,31.8131683283667
Wallemia,10.7975165680229,177.712629429109,0,59.4321443447163,64.8929438838435,14.0767815641263,325.471991376102,25.1377690521362,32.3437955771702,0
Ophiognomonia,3937.38138405492,754.986679300168,3.31349157729263,1764.9658078865,2.26010403637807,2047.71085526506,475.135447057947,0,1065.72614763924,0.697787544127169
Pleurotus,174.450036129203,946.95328079191,45.4341740107678,1130.67015065934,70.4761229643572,30.1437173742057,29.8555176661599,0,0.906480268679958,0
Psychrobacter,8.4444265173991,5.01775418344155,0,133.052151971069,0,11.2262770788884,3.98365974710421,31123.5725966004,94.9675036339687,15188.4985233719
Hymenobacter,910.830562825599,11.9567971586447,0,251.951316489865,8.19247204484872,72.7799003265784,0.362971292394127,239.271650093642,0,26.110029471499
Byssochlamys,0.453351787373187,15.1038590493755,25.7022106775362,2.04714470326546,0,0,50.0781392390177,36013.2817235802,22.1909972067428,0
Peniophora,744.81252140782,2430.1648908462,1299.97910332093,1153.6979373816,16.8167931654365,263.050736741645,153.16091715468,0,3.34800703801472,0
Cryptococcus,1673.5713618224,92.1218947030847,2.92597899573702,350.777969758463,1.6943388341659,6.46311351105612,13.9129928284408,65.1566768827936,0,0
Puccinia,65.1458694783904,0.934555188544844,0,6.75342165088506,0,2.81386548256904,0,0,124.362419554339,0
Lentinula,57.1841491387942,148.118398273414,190.442306131961,175.204986310692,0.23838465597411,71.0330760133332,7.12597454165396,0,0,0
Condylostylus,0,0,0,0,0,0,0,0,0,0
Pseudotsuga,9475.33209431925,2245.68586149276,0.88018788033915,0.955611778447061,0,0.232538276140309,11.1682728671714,0,0,0
Postia,148.528199213988,293.789185504965,437.925862406204,311.745755070017,131.770895070257,311.261640294429,411.554729864856,0,3.30534196399475,3.51038080276089
Haemophilus,0.216565017541889,0,0,19.4418093897806,0.161419818855696,18.73985852214,28.4161972713162,18.5871981568067,42.1133170997806,0
Pedobacter,428.574925727136,106.470039731012,14.990753462519,71.7104775627226,14.2253295888074,142.52237636748,194.408108330001,353.325371497408,119.8846773097,14.5111541043103
Zymoseptoria,624.426246687692,334.520900714054,16.3128546402978,161.914409173061,63.146029937514,390.558655931779,244.920088428884,0,478.97430686759,0
Oidiodendron,196.401428874347,182.930013131592,17.5087982243846,68.6831215045179,24.1228244868599,394.790932341541,704.900995685446,0,0,0
Gelatoporia,60.7940506888187,176.856297380478,231.863382536536,144.040386315041,58.2444386238634,70.38210175522,885.97832462776,0,4692.97786029751,8284.70490812448
Piloderma,471.989369712805,3205.11092966246,2169.78155156266,2552.98551727823,1541.9678046394,259.758791486641,142.758212708918,0,509.370269399973,1.09886001598563
Gymnopus,74.0386083556765,137.171504950865,68.4754350718152,236.262170894929,14.2942595240803,75.3048551904998,740.537777577605,0,0,14.9018226465845
Dioszegia,363.935000303009,61.2133292060544,53.2248099044456,112.599731598844,0,31.2650159933992,0,53.5080808930923,0,0
Aegilops,1.26686154119319,0,0,34.782393479267,1480.13591457556,0,106.353069684461,0.546149794805347,0,0
Salmonella,0.215157026026367,37.3765559008937,0,0,0,0,0,0,0,0
Aedes,0,0,0,0,0,43.14519278238,0,0,0,0
Adineta,8.56579971036427,0,0,0,0,0,0,0,0,0
Phellinus,64.4066949198288,249.523642593193,501.89069865285,364.510282527293,43.2855366125719,122.211126095943,1018.68532806167,0.918921981649564,7.4136729694237,7.68133907220757
Histophilus,0,0,0,0.326222572327495,0,0,0,0,0,0
Necator,199.730212885388,1.39024512471611,0,0,0,0,0,0,0,0
Chrysoporthe,3562.67187316831,641.747868993077,2.65336455754666,1893.37757912394,9.97720711925496,617.20615853482,314.290047886769,0,380.272550773619,7.37579605486652
Hordeum,0.440780521848341,1.39484069017481,0,0,111.44326865528,0,300.007170272237,0,0,0
Marchantia,10.8568835161732,37.9312223735306,1.16512898381638,11.1754533659926,0,0,0,0,0,0
Liriomyza,5.1937631329879,0,0,0.772031497428417,0,0,0,0,0.462147238682642,17.8992363601897
Chryseobacterium,34.3692227412377,1.14839964675491,3.87250957834547,82.4240203013028,1586.69637219809,162.113479498329,32.6625207772795,42.917643670636,0,4.86693084513072
Daucus,32.340460516236,0,0,2.3617420347748,1.95224027832129,0,77.8457051075984,0,56.7076106052631,0
Actinomyces,0,0.262857894571853,0,16.9830389757964,0,0,0.484405753164655,188.052577974484,0,0
Raoultella,0,0,80.1182148580557,0,0,0,0,0,0,0
Heterobasidion,0,175.999860634712,320.859782027176,199.343205274786,15.3907779186758,30.8861918930305,1042.5873472632,0,26.9082652759965,0
Lysinibacillus,0,0,0,5.0411975117484,0,0,2.15332932245293,0,0,0.133529142546668
Lucilia,0,0,0,0,0,0,0,2033.5562758251,0,0
Segetibacter,1213.2535282828,16.3618769700196,0.499474625787735,104.64962742401,32.2739281478938,44.4467237711887,51.4741615263058,1094.34575339021,0,0
Oribacterium,0,0,0,9.58097843175628,0,0,0.101460564385505,0,0,0
Pyrenochaeta,374.066666860773,119.669399141869,3.79128516624346,121.17692658242,0,6.50409010217392,32.9040267892844,0,0,0
Fomitiporia,180.901993324183,802.047122498719,1928.13472617614,1725.29335909223,80.2087396743218,1233.16081611447,1904.10508047767,30.1373421726382,30.5546390292788,265.157104590774
Leucoagaricus,36.9345871368111,90.4435018139059,123.620040346255,126.25296685823,25.2318952007756,126.799958362129,90.1768802615881,0,0.459388610842829,0
Zea,0,0,0,0,585.437897110968,0,0,161.038249775961,0,0
Exiguobacterium,0.235726252102406,722.002351664585,0,0.497888852407968,0.486662759543809,0,0,0,0,0
Sanghuangporus,145.22400073011,571.489945048291,1041.1840003398,1014.90420464914,554.728439935322,560.215146311678,463.978812244488,68.9111470768818,130.116682439591,0
Triops,0,0,0,0,0,0,0,0,94.4625996904558,2187.93880766306
Curvularia,57.9436888457432,0,0.268908754734245,0,207.626412132873,0,0,0,0,0.148545182639845
Enterococcus,0.371797786007133,1.95316096118684,7.32063115045207,0.465664386791328,0,0,7.6932202426274,1935.1901326671,0,0
Glarea,36.7038151182498,163.165800633778,33.0643666331598,321.615446139094,1.50620584092034,300.289195665986,483.975279028272,11.4288657770236,0.525709112045666,300.7172246279
Castanea,923.598358854362,9.1700028401088,0.207746831866655,29.5389963325513,74.8979760605542,51.7266662971103,19.7420668354375,1437.5337734921,29.9482831660747,3.83156149654765
Juglans,335.164295917019,22.1334560502948,0,31.3555244543632,0,15.2461005054443,0,0,0,1.65746635344827
Paracoccus,0,0,0,0,0,246.111002105308,0,0,0,10424.1319042448
Klebsiella,8.73701809440228,0.31912226251824,0,0,0,0,0,0,36.2491334154597,0
Prevotella,0,0,0,101.867708212583,3.36331430742325,0,9.49459654453836,2.89594777370884,0,0
Candida,2.19036433956233,0.192827924228543,4.38979334063254,183.632022045699,8.09148874294978,612.746175602329,0,161.115869926056,0,3.89298131446807
Plicaturopsis,10.425038816826,123.410487023026,123.527659517906,184.007883928977,3.87856818927275,18.298706937204,190.710594669019,41.479347764014,0,0
Amorphotheca,53.3134051628616,364.84098676597,471.754484811226,302.933703403129,2.83389353071151,103.46277318055,444.231812294717,3680.51002378834,529.552774487536,58.038423313391
Exophiala,156.971770959973,4.5880510033106,47.8304309694645,27.0015896209023,12.5146747893132,359.350733920435,92.7989128648971,0,0,18.8930952620018
Lactococcus,0,0.384572122636598,8.41067387067904,10.2812364303481,0.17665581046512,0.157553912401149,296.436228139058,14.5653063715634,0,4.13961455280133
Paraphaeosphaeria,132.262851814068,12.6857049344321,0,0.310337207197954,2.07678291386095,68.7907297790067,19.8237724955726,0,0,0
Nostoc,3.09540479924291,0,0,0.251998820087776,0,0,0,0,0,124216.642692357
Botryobasidium,93.2409240710109,712.272010281052,1994.34248334562,1700.9932091587,1134.20669167731,283.795951482221,571.270732366231,1.26906802641126,89.4837586068136,0
Schizophyllum,62.6408601984728,2124.62727493166,2454.07716227344,4381.11582403087,64.670165116691,339.761927454889,52.8330533110883,0.512219828846515,0,1.31692773971812
Micrococcus,0,29.5162269005304,0,0,0,140.6080414711,0,0,0,0
Clostridium,17.4484113895209,12.1788414635685,0,23.7251245125271,10.286868330292,74.7860375717603,40.0594467044848,25202.708506748,0.40133926422351,0.199246696161526
Hymenoscyphus,46.3614733182066,94.9746543500078,73.6903978740036,268.079780955532,44.4395057553038,710.966633644003,405.44662272875,8.25325900608571,21.8765632561239,0
Microcystis,0,0,0,0,0,0,0,0,6.88183018183046,21.8634768520074
Phoma,4737.23860647607,0,0,7.18656676396769,273.552628909731,1925.27427393178,0,0,1.53076490978967,0
Beauveria,4.77497291922142,21.8381689217161,1.06026831435864,1.25725349855941,0,0.410326432478491,2243.19835651911,0,0,17.3151707085092
Lecanosticta,146.624511747228,17.4262486963287,1.33161175080594,40.6750554231542,0,0,39.8390130063634,6.35750795420049,0,0
Felis,11.9636912986899,0,16.5576191350065,76.5943664356715,21.8250356186107,119.469018426063,74.4725577657845,0,0,0
Adhaeribacter,34.8177949367815,21.3397034264184,0,7.56332950490021,10.3446045254427,2.96106755326956,0,40.5104300051209,0,0
Trichoderma,28.5719346914265,7.77652641239589,0.304507271983639,92.114767425024,176.608331441361,107.556844749002,11.7518424833856,50183.640996297,0,0
Lentinus,235.811254484394,878.228972797904,438.712873953551,616.816655632225,257.859815499275,690.827968363904,489.028416090503,0.252026100675071,34.0871066266837,18.2721791102269
Stagonosporopsis,4229.95252791907,63.3285462743157,0,0,3067.55564462398,13.9923320955638,0,0,0,0
Kocuria,0.190012015539103,0.373943075408938,0,0,0,0,0,0,0,3.90588868657042
Nelumbo,18.4336430059675,0.136437716871086,0,0,0,0,22.1701706127728,0,0,1.95898362561253
Fomitopsis,15.532268062716,224.886419380097,45.4997312076189,67.7114018841513,37.7030041105678,67.0696020438233,228.282685274116,0,3.62009846489222,0
Metaseiulus,0,0,0,0,0,0,0,0,0,0
Diaporthe,659.814014874341,149.656178685225,0,409.124375685399,0,15.7093153311912,17.4392746403829,0,70.3057791541459,1.20334497458698
Wickerhamomyces,0,0,0.432488979858474,0.477269910609704,0,0,0,0,0,0
Sesamum,0,0,0,0,0,0,0,0,0,0
Sphingomonas,495.458811542152,0,0,3.38196929277633,0,0,2.2343654134631,0,0,0
Marssonina,23.9922646607524,8.12053127524684,54.8415518540946,70.9978414729738,0.168629914859082,141.248398508162,545.112868788974,10.0340293884146,0,0
Helminthosporium,8.39178781099491,1.09865119328419,0,5.25029383556919,0,0,0,0,0,13.6406032192771
Crepidotus,6.80824725056705,112.497265438683,104.400604153949,100.396650089781,31.2257395593531,3.26998896634931,18.4172641977582,0,0,0
Actinobaculum,0,0,0,0,0,0,0,0,0,0
Cyberlindnera,0,167.256962768824,0,0.55531666845372,0,0,0,0.235189683542287,0,0
Rhodotorula,131.252921286132,105.339135457162,89.5833579944933,9.1471288673839,0,0,0.63658732916567,3.13879082136097,0,5.05890489315848
Rhagoletis,8.97555616972104,16.1676350367955,24.1602625384314,0.726517712866148,0,85.8650476036382,47.4323883015473,0,711.683805353602,17.3873962576705
Paraphoma,95.7423737716438,0,0,750.244092149604,19.8605107227519,5.22891217066193,0.991933268744005,0,0,0
Dichomitus,13.0366831837609,393.778372938287,186.508349701391,238.109306108014,28.853110765281,131.826019438166,411.686380950687,0,0.380775302130067,0.260283123258173
T4likevirus,0,0,0,0,0,0,0,0,0,0
Themira,0,0,0,0,0,0,0,0,0,0
Beverwykella,67.996593131337,54.4477011016002,0,0.976687235226401,0,162.950738836084,137.729362718416,0,0,3958.82536724098
Geobacillus,77.8040850715688,22.055925401449,0,175.192167099391,0.918527389085186,0.555456184399554,0,0,0,0
Sphyracephala,0,0,0,0,0,0,0,0,0,0
Morus,0,0,0,0,0.40915078669634,0,0,0,0,0
Agaricus,13.5721882208337,50.4551349058142,264.415448289539,12.0379166614808,1155.74906053723,24.7066378737394,0,0,0,0
Laetiporus,1.68154910834163,101.902049910897,92.469497750117,106.596956442402,45.4034756355885,51.0481815753662,54.8481642977278,0,0,0
Enhydrobacter,2.76039438147538,0.0696677141534332,0,43.2049901555175,2.32666399443277,0,316.318622534983,0,2141.65030332036,0
Cordyceps,28.9310384738736,445.719487480217,0.0828430891442948,11.2203810165365,0,2.17378348505172,1905.82934845033,0,0,0
Anaerococcus,0,0,0,0,0,0,0,0,23.1014792299694,0
Burkholderia,1.50270590148056,4.59021979521013,0,0.241006982160458,0,0,0,0,0,0
Rothia,0.0828451772943978,0,0,0.47086064859443,2.12461812503765,0,0,12.5748374378291,0,0
Grifola,40.3042747232347,361.53298466019,220.082850845518,1015.19894167752,92.7965619647302,231.911141816826,570.537351478797,0,2566.87409871356,0
Hypsizygus,129.048817254903,512.546757622562,342.498236778455,1786.92247836994,924.527367735109,346.165995946555,1131.03143385343,0,0,0
Achromobacter,0,0,0.341231786041636,0,0,0,0,0,0,0
Hypholoma,27.1540595384502,191.948336870799,35.7899337459212,187.96576488448,0.371741433509128,0,16.9409245473358,1.93781925961284,0,0
Eutreta,0,0,0,0,0,0,0,0,0,0
Lactobacillus,0.636191295307178,0.0783626233977753,0,300.586631579827,0,67.1840945570754,0,1.89152058573022,12.9978850385962,0
Rhizopus,0,0,0,0,40.6539570806342,0,0,0,0,0
Erysipelatoclostridium,0,87.7993702181646,0,0,0,0,0,0,0,0
Tricholoma,173.309744693875,339.908337665274,3108.65448592391,501.490239545591,216.693851887427,390.074228629373,136.750441479252,0,0,0
Obba,214.568668745735,1060.97208595677,770.908297113317,508.394462446441,71.7118171292768,357.019252379076,2508.01821568292,0.268870094432333,35.6211262726816,80.4973095729091
Bulleromyces,188.675074504598,0.428282832074688,175.719068150363,1.54559591140866,0,0,51.2903196495455,50.5403264238052,2174.74053075587,0
Ochroconis,57.5663954627404,0,19.7170695854976,3.63290247851632,0.188406814995177,0.55822401420101,20.9782621488108,0,291.995139113953,0
Tulasnella,34.2401079921185,1136.96534749708,1965.27249096504,1588.02986636323,19.1354567062216,440.77508199635,155.097838409333,0.957869777631582,0,0
Xeromyces,0.419034773267568,1.1228053449823,23.7984798220751,0,0,0,0,0,0,13.6332390338613
Thelohanellus,0,0,0,0,0,0,0,0,0,0
Sarocladium,3.19836769820673,0,0,0.680395297662186,8.98647569278981,32.6654974841218,123.083897496664,0,164.370445396877,0
Eutypa,22.8791538306558,4.3127219304662,30.7340282672321,4.42527527611706,0,0.258528340118849,1.85635576328417,2.05650087345773,4.36657263799846,0
Tuberibacillus,95.4158195168408,0,0,0,0,0,0,1.65187387391483,0,0
Delftia,0,0,0,0,0,0,0,2.02806296055286,0,0
Streptomyces,10.3901430126845,0.90787053210539,9.57337322093451,8.54243547076637,0,0,0,0,0,2.40719397033365
Rosellinia,70.3109482213845,79.0958827636673,473.128208894449,335.327463425721,14.0980980963778,5.06814502447965,547.891762275313,0,0,0
Phlebotomus,0,0,0,0,0,0,0,0,51925.8597834433,0
Cylindrobasidium,0.394832583605346,74.6033774160454,625.137533285236,138.662655935343,206.227123048729,5834.36720554857,32.9044869960026,0,0,0
Pontibacter,26.7586458263821,3.25212515707552,0,3.64665269569549,0.452715704126436,60.3851927452835,0,1633.98956831344,2.20296445006047,1.69955923971196
Pediculus,0,0,0,133.831246644581,0,0,0,0,0,0
Ananas,5.14454232540009,9.37287501208349,0,0,0,0,0,0.280444598479713,0,0
Desulfotomaculum,2.07965747551225,0,0,0,0,0,0,0,0,0
Aerococcus,0,0,0,25.593309142512,0,0,0.644669184958197,0,0,0.0940219937465298
Valsa,223.852997760334,62.7869015605794,0,52.5438569185824,0,23.398607827905,1.19640608563385,3.48497986875748,0,0
Physcomitrella,0,0,2.05162174730879,2.05844431577037,0,0,2.93068006391859,0,0,0
Veillonella,0,0,0,2.61010825346921,0,0,0,1132.00240537716,1.91890046289846,0
Citrus,3.24618771757395,16.7469503855778,0,0,836.188711324224,0,0,0,0,0
Hypoxylon,57.1063726251977,0,0,0,0,0.539129489241537,25.6144159194516,0,0,0
Caligus,0,0,0,0,0,0,0,0,0,11.5326171061224
Coelastrella,0,0,0,0,0,0,0,0,0,0
Diaphorina,0,0,0,0,0,0,0,3.88145294712814,0,0
Daedalea,2.35886455496902,196.395196103188,105.110466296756,77.2141080572875,9.11152182254797,96.9378989393523,215.624627456526,0,0,0
Lignosus,0.330081002103861,127.305366651016,83.4196309318108,111.205033094047,1.24216989162207,30.0256686212572,79.3345350987727,0,4.22717542940943,0
Deinococcus,0,0,0,0,0,0.36179609807175,0,0,0,0
Capronia,19.1262111534721,0,0,9.42352568016829,32.8995410140049,0,0,0,0,0
Rhizoctonia,2.82139093115614,368.244764061808,981.58057999077,1034.08677857591,5.34816529695268,16.1410356219853,337.784651683394,0,4920.66211458625,0
Solanum,0,53.3589525716317,0,2.23728988994369,0,0.304991668853257,0,0,0,0
Vitis,2.97178632867096,2.63487521475888,0,0,0,0,0,0,0,0.842396315971823
Hortaea,3425.30209779597,0,8.76047416689305,21.7442901260741,0,3.16967996504709,8.60794352002625,0,0.9697294488321,0
Ascochyta,840.737524558002,0,0,35.6900619447437,62.0970865085167,39.7031714337331,0,0,0,0
Malus,1.5951850450911,0.712996105514388,0,0,0,0,27.7019881845368,3755.12690151382,0,23.6420444697939
Listeria,0,0,0,0,0,0,0,0,0,0
Tilletia,37.5156500766204,0,0.186390106445309,10.1940619081436,0,0,0,0,0,0
Sediminibacterium,201.695802108058,7.86273383473521,0.152902784672121,35.3728416260841,0,37.0229283410883,0,139.918379443814,0,145.14652450508
Coniosporium,639.329642214271,12.4596926189863,0,2.85064127927465,0.603980012525258,12.0768451749581,12.016964336923,0,0,13.3163336037231
Spirosoma,36.466116585193,7.16301070811628,5.15038493067402,61.1212015589214,12.9823566987361,6.60458936331192,119.33363883034,44.9751548659218,269.098534676302,0
Medicago,0,0,0,0,23.3587110244127,0,72.7197284690083,0,0,0
Saccharomyces,0.0886025018399425,0,0,0,0,0,0,0,0,0
Biatriospora,5.43301788327361,8.22400014103949,0,4.80509238038806,0,98.0792389895956,72.0119350481724,0,2170.49775892731,18.3315689615438
Armillaria,0.534430606291364,23.7540666140104,26.2444098859893,10.6534591449902,0,0,1.06309087507071,0,0,0
Laurentiella,55.4618170191898,0,0,0,0,0,0,0,0,8.04612544183277
Flammulina,2.80317121307199,152.34533042301,20.4802908421289,90.8171986335133,0,65.7928320202135,60.7146513016965,5.52382123532519,0,0
Bacteroides,3.28731104633193,0,0.166166675001216,51.7860845385267,0,0.336035762724706,0,0.274122273659899,17.873502479068,0
Prunus,91.4864405321296,2.66518997959797,0,0,0,0,0,40.1282319186545,0,0
Rasamsonia,103.437643632329,58.4614769976408,27.2050241173518,0,0,0,83.0441636309051,0,0,0.117899194712558
Faecalibacterium,0,0,0,0,0,0,0,0,0,0
Sclerotinia,20.4299643520444,189.489733837278,9.79179924069055,57.1979480230208,10.3562021032048,21.8527835779669,1.05814368651992,0,0,0
Truepera,0,0,0,0,0,0,0,0,0,0
Thielavia,38.3663073516759,0,2.28364244079942,0.522476302410802,0,0,3.02427450984301,0,1.50128432406697,0
Amborella,0,29.7978352295836,0,0,0,0,0,0,0,12.7966349800064
Rutstroemia,5.33041228183959,0,0.178300976567294,59.3939940577592,8.52168732508799,147.778434720429,0,0,11.6276579840123,0
Stemphylium,1683.33627721318,0,0,0,0,0,0,0,0,0
Taiwanofungus,11.2285436875197,215.639763832941,186.44511331159,302.434305535877,57.3376485295134,164.527205637798,312.100072241838,0,87.9716988495196,4.70177132582704
Brachypodium,0,6.94180885832474,0,0,0,17.4286231776844,30.3105313796558,0,0,0
Finegoldia,0,2.22710823953855,0,10.4280265766691,0,0,0,0,55.3138108184601,0
Coprinopsis,0,31.2252501311025,215.820000264216,324.133710988663,0,81.0644378778642,102.393466838386,0,0,1.61918233127487
Wolfiporia,13.5927146501721,80.0424090208544,68.2494288471096,157.052709958287,2228.90288016446,16.5124258804823,350.183780707301,5.55593794141515,10796.179134061,0
Serendipita,52.7511585102673,81.3933652268067,104.131409385799,452.298009900741,1153.82195180937,49.6389132634948,40.2946838982853,1.34325870162038,0,0
Dactylellina,0,1.1819615562054,0,0.710173312767178,0,0,0,0,0,0
Neisseria,0,0.194276586756011,0,0.319654810681107,0,0,2.61235997931296,12.7444571978949,0,0
Synechocystis,4.56805777869934,0,0.462092314852887,80.6448122448303,0,0,0,0,0,0
Cannabis,0,0.114706982048572,0,0,4.45287264274081,0,0,0,0,0
Niastella,134.685359030898,5.64636123523961,7.2830691608967,38.4757481722151,0,13.86028606542,4.00318483980546,2601.59686471321,0.891125413746922,11.4785691037758
Ephydra,0,0,0,0,46.4473142371894,0,0,4865.01134363938,0,0
Dermatophagoides,0,0.621593841027609,0,0,0,16.4480405674277,0,0,0,0
Paecilomyces,8.17206485955316,0,0,0.469785942288573,0,0,0.445117944685407,0,0,0
Amanita,15.5097924311691,141.259389863966,31.4628043799399,152.674945274958,20.1801381261437,23.6550348456596,32.9673527107226,0,0,4270.65726585471
Ganoderma,0,94.130723097963,205.370740641612,123.204205866223,2348.64685849194,1.86327487897301,120.000149383049,0,6.33065277123879,0
Baudoinia,1225.77229238687,13.1300984349888,18.0905091740804,1.04373155591936,2.70642285180339,0,0,0,0,0
Leucosporidium,41.0957588693024,14.6790900009177,38.8974994342548,38.4955024983729,0,11.6053393720592,19.3909793231699,0,0,0
Tolypothrix,3.24561825774392,0,30.7880836053734,10.7898256267579,0,0,33.9500873221497,0,0,3052.76401879555
Galerina,10.8031971710144,177.145648008879,103.152544725304,254.620335748161,1.77371461753845,109.664603217941,7.85280211864169,0,0,0
Rosa,11.9875521250278,0,0,0,0.211122020802271,0,0,0,0,0
Glycine,0,0,0,0,0,0,14.3070230686539,0,0,0
Meira,145.028901343458,47.7114773762706,0,45.8996745024729,24.3518103970154,0.374216854483208,0.816395270244764,0,8.52714644017681,0
Ricinus,2.37097975674233,2118.07808374391,0,0,0,0,0,0,0,0
Punctularia,16.0425452925379,91.5750435195524,50.8146852996589,94.9450927414638,640.888553536048,56.2181978616443,24.8641625140943,0,20.7287074119078,0
Physarum,12.0088188368691,43.0174639621686,0,0,0,0,0,0,0,0
Sporosarcina,26.7367051658061,0.737744933554333,0,106.141625107492,0,25.0410385104988,18.8504663305647,966.736262420526,0,0.111499252048137
Caldibacillus,0,0,0,0,0,0,0,0,0,0
Rhizomucor,0,0,0,0,0,0,1458.75236248647,0,0,0
Citrullus,0,0,0,0,8.55111498539939,0,2.699909986428,0,0,0
Omphalotus,0.142656920093702,18.3818409453374,31.7380049282278,1.12941731482255,0,0,783.177906654069,0,0,0
Pyrus,21.7461813307603,7.41525452771817,0,0,0,0,51.4257183830619,822.651202976287,0,0
Sphingobacterium,46.6574615484189,0,0,2.13694914640644,25.3118237587986,0,2.36591687987056,0.329112098744228,3092.51465995059,0
Scytonema,0,0,0,0.40839082457813,0,0,0,0,0,18.2675850413496
Pantoea,422.533933934719,2.80271077027187,0,0.128749900968564,0,0.172270667101598,0,0,3.56756649678203,0
Mucilaginibacter,117.524139567393,3.25902857531432,13.9976143590063,15.9814668555782,0,0,316.40351581464,0,0,20.363415451414
Hydnomerulius,14.7687609736319,62.7401489230555,68.2174994465732,60.6456931659888,3.28367170418459,51.7565639328683,0,0,13.4038312076273,0
Cladonia,7.31833658367443,0,19.5898994651604,22.077242212755,0,0,6.80187545304742,0,0,0
Madurella,9.68474314120111,1.85521959937377,0,0,0,5.10289295202308,2.68711519812368,0,0,0
Actinidia,147.249678335008,3.75633344292923,0,0,0,0,0,2.46422008286622,0,521.600689920648
Hibiscus,6.20340955968152,7.07789333858377,1.66720001016562,0,0,0,0,0,0,0
Brochothrix,0,0,0,0,0,0,0,0,0,0
Pseudocercospora,67.2584715816863,5.18329647205129,0,0.235963004017197,1.57810481532237,2.46496574449727,0,0,11.8475105139771,0
Phoenix,0.266039186046618,9.8453494407796,0,0,0,0,0,0,0,18.5307004546269
Ureibacillus,0.56604309454775,0,1.55425677989965,0,0,0,0,0,0,0
Dolosigranulum,0.0816671741776553,0.121228535269671,0,4.12711703517816,0,38.7267941822595,0,21.7075555243487,0,0
Passalora,218.182532730771,12.3695044355572,1.16867945277391,18.4956440244032,0,0,22.7728414340837,0,0,0
Gallus,0,1894.7792873249,0,0,0,0,0,0,0,0
Paraurostyla,34.148655805698,0,0,0,0,0,0,0,0,0
Venturia,16.3763026190082,6.81683975803171,33.2002095436071,239.76052230656,0,4.14789405655268,433.33622310912,0,30.6106538279869,0
Lactuca,0,0,0,0,0,124.812264889787,0,8167.77142606319,21.0505399056033,0
Debaryomyces,0,5.43757767784261,0,255.243955020947,0,0,0,0,0,0
Lasioglossum,0,0,0,3.28070704295246,24.0640357108551,0,0,0,0,0
Arabis,0.130672188440545,7.98856467297955,0,25.0033143645087,3.98090109085504,0.302917901044594,0.126153296821824,2.44635187680262,0,0
Stagonospora,34.4499467538145,14.9308431409967,0,55.2140143716187,2.26412691242431,193.75217809144,0,0,0,0
Mycosphaerella,315.212449772695,16.6969538273078,0,14.4103968706279,0,20.4621131650427,75.2041415080486,0,0,0
Frankliniella,0,0,0,0,0,0,0,0,0,0
Gardnerella,1.9900143854511,0.377926541164635,0,0.721329194299987,0,0,0.891139018680248,0,0,3.72277818691654
Treponema,0,0,0,11.2011260604344,0,0,10.9426457602527,0,0,0
Tuber,0,13.9678670453932,0,11.3698969044419,0,0,0,0,0,0
Ancylostoma,0,0,0,0,0,0,0,1.14543903462775,0,0
Ceraceosorus,308.139958378377,138.288046748435,964.552441087759,5.30786358041355,0,0,92.4741026354731,0,0,0
Chaoborus,0,0,0,0,0,0,0,0,0,0
Cystobasidium,53.0461319924632,9.7610744418586,7.36483689655362,1.42539973672632,0,0,6.054125328015,3.13588458079553,0,0
Uroleptopsis,0,0,0,0,0,0,0,0,0,0
Ascocoryne,8.22751855016283,151.586024846725,82.961512386417,131.656102004154,0,17.8196009990808,0,28.9095499653111,0,0
Oryza,0,0,0,0,0,0,0.202923351015919,0,0,0
Acremonium,33.0486167114872,2.83556571144779,0,1.2268648520947,0,0.59686118215434,13.5231637983438,0,0,0
Claviceps,1.44360183246726,0,0,0.479870294228116,0,0,0,0,0,0
Dyadobacter,66.748710838687,15.7911430794064,0.127012284682694,4.35697875030221,0,9.25905949335505,202.658828360418,497.054409198294,8.09229443538157,25.1492517717521
Flavihumibacter,150.731949085175,12.8492056832584,4.22329638380505,20.7030168569754,1.35146234471207,18.3196130476864,0,94.5925705309819,0,1.12483879627962
Fibroporia,0.0636898416801403,59.3291301378146,31.6869948878698,39.5632229383342,0,216.150085884507,230.466574886098,0,0,0.419536309583523
Laccaria,1.2446601283911,152.07776380169,89.196471383804,281.831118078621,11.9005303402658,11.5567963413965,36.0950832261971,0,0,0
Populus,2.81328134891069,0.699463623584699,0,0,0,0,0,0,0,0
Erythrobasidium,657.587331227948,29.9661021793087,0,0,0,0,3.12710263027683,0,0,7.11955390018092
Roseomonas,0.188367666642983,0,0,0,0,0,0,0.491170466502849,0,0
Gossypium,7.6183245814719,0.155399284334796,0,0,0,0,0,0,0,0
Pseudoalteromonas,0,0,0,2.11173915237167,0,0,0,0,0,0
Flavobacterium,151.352851475116,21.8335584443717,15.6580158673464,79.2406756658341,22.2048103772053,36.5021823404713,6.33341024420644,402.593460945306,0,0.172912276666641
Calycina,0,10.5333595528624,21.1554717751797,20.2584229480773,0,42.3532707856582,0,0,0,0
Mentha,0,2.22326290493452,0,1.68304496490043,0,1.68455662988348,0,0,0,0
Yersinia,0.180495158582357,0.281330895532963,0,0,0,0,0,0,0,0
Aliterella,2.62984990169608,4.5439627635649,0,90.5628767965252,0,0,0,0,68.8382100550887,0
Paramecium,0.254523984663747,1.5221032384871,0,0,3.72036664452929,0.228391154531329,3.50261084077826,13.0049423104161,0,0
Alloprevotella,0,0,0,0,0,0,0,0,0,88.8865398105792
Stenotrophomonas,0.206933695175756,0,0,0,0,0,0,0,0,0
Pyrenophora,164.706716851177,4.28267391330217,0.302726762833076,25.332144468058,9.61129114592359,2.50775014906189,0,0,0,15.7062985912496
Rhinocladiella,5.87908920762478,0,4.59238167292282,1.72855891746192,0,0,0,0,0,0
Terrimonas,31.591935117277,0.989370906038164,0,37.6129075657434,0.354635832104697,0.244728958913315,22.2444351643972,18.3193968925805,0,3.98908175093457
Hebeloma,3.29623872546697,100.649849786991,48.4681843523708,152.177566376557,0,67.5933079281137,0,0,0.557033675703498,0
Sporothrix,6.93465552318944,0,0,0.41602620601767,0.640584843952715,1.3873771145289,5.27213218225473,0,0,0
Absidia,0,0,0,0,0,0,0,0,0,0
Geotrichum,36.0824025634645,22.2030265172196,65.381846665081,2.83185307083364,0,3.57494569749819,30.3338788233867,0,0,0
ssDNA viruses,0,0,0,0,0,0,0,0,0,0
Pisolithus,13.3484101198671,51.5332910705864,48.4112982467325,13.851063722555,1.44580609721436,0,32.1841760960907,0,0,0
Oceanobacillus,0.120095389548465,0,4.28413883306956,0,5.4139100166244,0,194.219730110635,0,0,0
Purpureocillium,5.00154099850178,0,0,0,0,8.32846204283547,2.93020540138498,0,0,0
Moniliophthora,19.1150688195469,40.3417203158307,7.95763544906355,38.4984392469822,5.46414502983606,54.9971349841311,0,19.0675721438884,0,0
Colletotrichum,170.075123529069,66.5314588036301,0,6.97411227312157,0,3.65547068894043,145.454918509998,0,0,0
Gloeophyllum,2.23571163111599,186.705418610683,44.2604238995009,178.867521836256,1.14248653482803,86.6565135241652,41.7568322253836,0,0,0
Alkaliphilus,0,0,0,0,0,0,0,1.16386180751088,0,5.85365792445013
Pestalotiopsis,311.402927258458,13.3220408709186,0,0.825475853338701,0,0,0,0,0,0
Vigna,0,0,0,0,8.94584865343477,0,0,0,0,0
Mastigocladopsis,0,0,0.264216950351966,0,0,0,0,0,0,0
Bipolaris,138.172487622064,0,0.261792316403287,0.568287415053482,45.41548763399,3.24561263790485,6.59715630367655,0,0,0
Filobasidium,2192.28414463065,1.00520057905154,18.4223548272814,2.48333718480981,0,0,0,286.768661792845,52.4353273607718,0
Planomicrobium,0.982254023439558,18.6899573306357,0,39.4719029283794,3.7489470769365,0.159855568804211,0,5696.67457899225,81.9478358575214,182.943362582227
Exidia,0.353114119324953,44.1655928525472,58.7693650879998,83.1828261820366,12.0616870272704,14.7688170320633,93.7264096733687,0,246.863401972834,2.45876665098638
Hassallia,28.6214181196318,0,0,1.99844267525618,0,0,0,0,0,1.29405317842737
Apis,0,0.170008380262565,0,0,0,0,0,0,0,0
Fragaria,0.195416848668431,1243.5596213475,0,15.4365347994945,0,3.03996592891803,0,0,0,0.999424671304841
Clavaria,31.9541855762723,25.8037270723708,58.2834976430672,52.5854823000244,6.38264951581375,271.576589339017,117.961222620176,0,0,0
Fischerella,0,0,0,0,0,0,0,0,0,8.1503608327355
Corynespora,94.7174506722594,0,0,11.1133021295948,0,20.5141018031714,33.8064081225079,12.3990952390296,0,899.499382428921
Shiraia,6.80623079802103,0.443252771487375,0,0.092248755480693,8815.26898038704,0,0,0,0,2.48250441696915
Cryomyces,312.826486210667,8.89567302057291,0,0,0,0,0,0,0,0
Mesorhizobium,0.635136700026322,0,0,0,0,0,0,0,0,0
Microcoleus,0,0,0,0.272917976498567,0,0,0,0,0,0
Vaccinium,0.439364386966767,0,0,0,0,0,0,0,0,185.949053946529
Jaapia,20.7438473765102,75.4867006418697,68.2200069867129,102.558297412951,15.4049467911692,124.430333495773,78.0604864696787,0.238613896883334,0,0
Prasinovirus,0,0,0,0,0,0,0,0,0,0
Pediococcus,0,0,0,0,0,0,0,0,0,0
Kingella,0,0,0,0,0,0,0,0,0,0
Cenococcum,106.787023590966,14.3716578236474,1.33323497442114,0.445197209382577,0,65.0922197943629,24.8143999858887,0,0,0
Chaetomium,6.61363429196345,18.8261396014714,14.263297943177,5.74496380758083,0,0,1.03974111930721,0,0,0
Epichloe,1.18577402661718,1.34822685996913,0,2.3493908234936,0,0.529465936417304,81.7736429615078,0,0,0
Mrakia,44.0491460790674,33.4047938020716,24.7877221728088,79.3141228645718,0,4.0634868168415,63.4998856608468,490.715083985304,0,0
Cladophialophora,8.36630579676309,2.52728183005374,15.8490966941157,7.82356751090971,4.13913050950878,0,1.37981879976388,0,0,3.63749475463393
Microdochium,28.2009566826861,0,5.84954953750019,0.847937731346912,1.04760807360368,0,26.6709467948942,0,0,0
Aeromonas,0,0,0,0,0,0,0,0,0,0
Pseudonocardia,0,0,0,28.8488395927299,0,0,0,0,0,0
Brugia,0,0.815267915155299,0,0,0,0.194119773595432,0,0,0,0
Desmospora,14.3246593215377,5.98285270524339,81.8663192080612,2.04240827060994,0,0,0,0,0,0
Leptosphaeria,13.6459707717842,1.69826475783619,0,10.4555013529642,0,6.12544381839021,0,0,0,0
Coniophora,0.324446368589977,84.233343081482,9.29847394377804,146.194553258965,1.44473376677288,45.6441411829923,37.3238278686725,0,0,10.7606307063066
Sphingobium,41.8539064249342,0,0,0,0,0,0,0,0,0
Niabella,50.1534964791057,0,0,0.205875717614263,7.56767981551938,0,0.508650130855569,4706.86669451462,0,0
Leclercia,0,0,0,0,0,0,0,0,16.9701655095284,0
Planococcus,0,34.7716356700363,0,3.76090139241019,0,0,0,4337.67796482106,6.80812692114222,768.215886450058
Parastagonospora,132.202183678232,0,0,16.4593452746483,0,0,22.7975622476148,0,0.359273536770362,0.214505892159309
Leptolyngbya,0,0.213837370536467,0,0,0,0,36.1790489542976,0,0,0
Turicibacter,0,0,0,0,0,0,0,0,13.6399486056161,0
Phaeoacremonium,4.08133553482826,28.5830031562245,1.11965490566762,4.88266272297933,0,39.7447885187637,0.353321227550921,0,0,0
Salmo,0,16.4213202742841,0,0,0,0,0,0,0,0
Mycena,0.0928306126994246,63.8415852460572,66.1202814946656,118.263228214934,0,10.9496072610242,84.4478123484611,0,0,0
Legionella,94.4722049310011,34.3033743018379,5.18987596154892,20.4962151123681,0,0,10.0369145836289,0,0,0.228901194289513
Salinicoccus,0,0.548059468877323,0,0,0,0,0,0,0,0
Aptenodytes,0,0,0,0,0,0,3.29566785276805,0,0,0
Viridibacillus,0,0,0,0,0,0,0,0.221506957425827,0,0
Cucumis,0,0,0,0,24.2863901959368,0,0.266895653912483,0,0,0
Chenopodium,0,94.4073259114823,0,0,0,0,0,0,0,0
Emmonsia,51.4433864841679,0.820218528386264,19.8866306088792,0,0,0.303833480503339,0,2.62261446868829,0.278204712727325,1.82988070077488
Sphaerulina,21.6071704999957,0,0,1.53720184547546,0,0,0.462625216563154,0,0,0
Tolypocladium,47.923475944525,7.25153600498883,16.5152137185247,24.2445848928763,0,3.49836224952034,20.2455606398048,0,0,0
Janthinobacterium,0.0353701992797984,0,0,0,0,0,0,0,0,6.0957571506332
Eubacterium,0,0,0,0.363333875722728,0,0,0,2.56027626493714,0,9.65558892094723
Sphaerobolus,0,32.7382570106485,55.4242079732003,119.720055673323,0,12.2190228863639,81.3980753789076,0,0,0
Meyerozyma,0,0,0,9.01942709829855,0,0,0,0,0,0
Setaria,0,0,0,0,0,0,9.78394383056768,0,0,0
Azadirachta,20.5219885834906,0,0,0,0,0,0,0,0,0
Marinococcus,0,1.06894457981886,0,0,0,0,0,0,0,0
Calothrix,0.236545371319335,0,0,0,0,0,0,0,0,1852.834450097
Roseburia,11.2708614823899,0,0,1.49945445120181,0,0,0,0,0,0
Neolentinus,10.4881254736247,32.2960155547966,45.0017211284332,31.10646971376,9.9825151348967,0,90.9135949877697,0,522.315273634666,0
Dendroctonus,0.113393963330982,0,0,0,0,0,0,0,0,0
Wuchereria,0,0,0,0,0,0,0,0,0,0
Eimeria,0,254.398336612844,0,0,0,0,0,0,0,0
Brassica,0,145.289822553663,0,0,4.20753003874376,81.0724753439054,0.243774475117664,0,0,0
Xylaria,16.0736876747305,7.50847159887954,0.168759629228086,6.20741058160634,9.05141455446446,0,0.269362749805043,0,0,0
Tumebacillus,0,0,0,0,0,0,0,0,0,0
Gloeocapsa,30.9493775076038,0,0,0,0,0,0,0,0,0
Shimazuella,14.2223450951464,0,0,0.413429793289997,0,0,0,0,11.1075141846898,0
Elaeis,18.3097661450981,0,0,0,0,0,0,0,0,0.244166839001438
Volvariella,7.12680262824953,19.672350754057,30.2835632544338,42.7133546313,34.3819219040319,3.87512612935342,16.4338097407957,0,0,0
Carnobacterium,0,0.406429022879018,0,27.5929795560941,0,0,0,220.112733928262,0,0
Sporisorium,14.4485342200086,0,0,0,0,0,0,0,0,0
Umbilicaria,11.8056585519044,0,0,0,0,0,0,0,0,0
Massilia,20.1088434967818,2.68015174464093,0,0.115764568981664,2.00730049790975,2.46082331498288,8.28357345222243,0,0,9.37894553297838
Erysiphe,15.3107312205522,4.77072837676334,9.33893478616448,4.40845863020062,0.360791289448595,11.9326229523335,2.39912833002267,0,0,0
Acyrthosiphon,0,0,0,42.5056289520537,17.3451864825557,19.3721448804915,2.67904081715493,118.218761775301,56.5310614021305,0
Meiothermus,0.547360544200022,0,0,0,0,0,0,0,0,0
Basipetospora,0.184370977790734,0,0,0,0,169.39175637667,0,0,0,0
Nicotiana,0,63.2571930220288,12.1082867553421,0.31064941084598,0,0,0,0,0,0
Belnapia,0,0,0,0.751881044374072,0,0,0,0.2457186923347,0,0
Metarhizium,7.76464051687262,1.46414391437411,0,8.92931231477366,0,0,9.07192224086689,0,0,0
Hysterium,42.9693415338641,31.2091710492545,0,0,0,0,14.0403257108174,0,0,0
Catonella,0,0,0,0.207553205134302,0,0,0,0,0,0
Gongronella,0.845711972189872,3.73811183100462,347.580640541708,157.761198483204,0,135.803939055911,45.9147212034176,0,0,0
Loktanella,0,0,0,0,0,0,0,0,0,0
Arthroderma,2.85299485301447,18.6583052896218,0,4.27282700758212,0,0,28.4274555456185,9.20532385290315,0,0
Macrocystidia,0,13.5430090206716,4.60060145609762,2.73472050156038,0,20.3266643082955,29.1856940829974,0,0,0
Klebsormidium,0,0,0,0,0,0,0,0,0,0
Serpula,22.5142285168059,53.9211155208794,63.0840121211563,126.629702001472,0,18.8405988741385,41.3894623695679,0,0,0
Linepithema,0,0,0,0,0,0,0,0,0,0
Enterobacter,18.954443321368,0,0,0.136843003929059,0,0,0,5.97235964065436,200.739724154306,0
Gemella,0,0,0,1.64548330140477,0,0,0,0,0,0.723761266364837
Isaria,32.7254147737892,21.5327645797838,0,609.697882205852,3.98893695479141,0,17.786741038243,0,0,0
Lepidopterella,115.983971855401,7.39134573993029,48.8672581569639,0.363647224820006,0,19.0138394017932,10.408858492873,0,0,0
Chlamydia,0,0,0,0,0,0,0,0,0,0
Orbilia,0,0,0,0,0,0,0,0,0,0
Calocera,11.0153950881822,95.2144969987163,375.145570465976,95.0015539968857,0,52.1965796169036,5.36863289802754,0,0,0
Ruminiclostridium,1.34488555201304,2.61700203383459,0,0,0,8.1548541977754,0,303.482744010783,0,2.93430521866249
Termitomyces,7.22972616173532,63.6767151393716,60.4276458384986,114.443513012884,33.1357460264032,81.8577388213866,140.936334491764,0,0,0
Jeotgalicoccus,0,0.469084938966962,0,0,0,0.251860597692326,118.248130352681,0.296227812194431,0.497757692238269,0
Daldinia,2.67366105829008,0,0,0.421063616918555,0,0.489220530040721,0,0,0,0
Moraxella,0,0.393862456835657,0,13.5624252798012,0,32.5539466151754,2.15917885467102,8.09014467259801,1.18592156744305,0
Peptoclostridium,0.435250106968668,0,0,0,0,0,0,80.0425714137926,0.283732316792698,0.218936306455199
Taphrina,391.656758260234,4.32131366395085,3.29618482901187,0,0,0,36.6095483434635,34.1929051873759,0,0
Phaeomoniella,2.05664834185553,0,0,7.21312580704041,0,0,16.7022857250947,0,0,0
Rufibacter,0.859112392190822,4.67279666239697,0,1.05993114068761,0,0,0,0,0,0
Weeksella,0,0,0,0,0,0,0,0,0,0
Gliomastix,2.0814420125137,0,0.202252274212993,0,0,0,63.127451443567,2.82255622192049,0,0
Verruconis,14.8451117518705,0,0,0.153186289124092,0,0,31.4393709169468,0,0,0
Dichanthelium,0,0,0,0,0.153135575128094,0,0,0,0,0
Beta,0,0,0,0,0,0,0,0,0,0
Spinacia,0,0,0,0.0673503541876809,0,0,0,0,0,0
Capnocytophaga,0.698231476689387,0.335066618195819,0,9.20158839678427,0,2.43092636923877,0.132889504758261,0,0,0
Zizania,0,0,0,0,0,0,0,0,0,0
Crinalium,174.52089638683,0,0,0,0,0,0,0,0,0
Acanthamoeba,7.18684764969652,0,0,1.65692997432093,0,0,0,0,0,0
Neofusicoccum,219.058982701811,1.58862450853655,0.270691237841737,0,0,12.2438125561417,73.1259898329612,0,0,0
Auricularia,0.308346322860492,83.0138523418426,50.5320346657791,57.0457312879613,0,9.21994085669496,201.888966561845,0,19.8476626462961,0
Coraliomargarita,0,0,0,0,0,0,0,0,0,0
Gyalolechia,63.3626746517306,7.71806843965516,0,75.6704819367753,0,0,0,0,0,0
Arthrobacter,8.8355176179587,0.108789390383959,0,924.982340253012,0,0,0,420.675415029332,0,0
Candidatus Cardinium,0,0,0,0,0,0,0,0,0,0
Porphyromonas,0,0,0,1.56103015280493,0,0,0,0,0,0
Aggregatibacter,0,0,0,0,0,0,0,0,0,0
Trifolium,22.6477333040345,0,0,0,0,0,0,0,0,0
Eucalyptus,12.5237467747702,0,0,0,0,0,0,0,0,0
Tarenaya,0.576619928692497,11.2786898185472,9.67287514744734,16.6497858650522,0,0,0.692040263385823,0,0,0
Cryptosporidium,0,0,0,0,0,0,0,0,0,0
Trebouxia,0.221978781346828,0,0,0,0,0,0,0,0,0
Fonsecaea,2.31386890876757,0,1.23485739435949,4.08606135437593,0,0.447820477385631,5.22541177264682,0,0,0
Vibrio,0,0,0,0,0,0,0,0,0,0
Ictidomys,0,0,0,0,0,0,26.1113597579633,0,0,0
Methanobacterium,0.311748992524782,0,0,0,0,0,0,0,0,0
Acidomyces,420.407271152473,2.09297849619157,0,0,0,12.1125055768977,0,0,0,0
Desulfocarbo,0,0,0,0,0,0,0,0,0,0
Hirschia,0,0,0,0,0,0,0,0,0,0
Acetivibrio,0,0,0,20.2035887040451,0,0,0,233.78464680728,0,0
Drosophila,9.3775634936004,0,0,0,0,0,0,0,0,0
Cercospora,24.6928487359175,1.87081761292248,0,4.7856905166013,0,0,1.93647444874489,0,0,0
Shigella,1.97708131005509,0,0,0,0,0,0,0,0,0
Pneumocystis,0,0,0,5.44989537781659,0,0,0,0,0,0
Salinimicrobium,0.074852222621903,0,0,0,0,0,0,0,0,0
Domibacillus,0,2.61518937640345,0,0,0,0,16.9184638242171,0,0,0
Methanosarcina,0,0,0,0,0,0,0,0,0,0
Stylonychia,9.75325571222403,0,0,0,0,0,0,0,0,0
Leuconostoc,0,0,0,0,0.45699462996606,0,0,58.8332748143016,0,0
Gillisia,0,0,0,7.26932304404615,0,0,0.943449810834888,3.90483685688948,0,637.423496394797
Chroococcidiopsis,0,0,0,0,0,0,0,0,0,1.04779204566815
Halobacillus,0,0,0,0,0,0,0,0,0,4.50880282208374
Piriformospora,0.698470889301115,45.9887933128822,161.77772620673,166.914091617766,10.6701457410232,70.4131525192259,6.39019268694845,0,0,0
Epilithonimonas,0.166743962794978,0,0,20.6368835044359,0.468489932124428,0,4.61688600941053,0,0,0
Peptoniphilus,0,2.48672834716006,0,5.06853177960197,0,0,0,8.45319447177189,0,0
Trichosporon,43.9444592071838,40.1906208827907,0.496729822497054,13.2275094196506,0,0,0,9.88907309318461,0,0
Devosia,0,0.551793429203129,0,0,0,0,0,0,0,0
Uromyces,0,0,0,0,0,0,0,0,0,0
Abiotrophia,0,0,0,0.44397108995831,0,4.0818985500354,0,8.51873366782693,0,0
Moesziomyces,8.69340658541176,0,0,0,0,0,1.50034730291327,0,0,0
Pleurocapsa,0,0,0,0,0,0,0,0,0,0
Coccomyxa,0,0,0,0,0,0,0,0,0,0
Kwoniella,123.772596547693,19.0196052110595,0,1.49868976455407,0,0,0,0,0,0
Oscillatoria,0,0,0,0.321795716423046,0,0,0,0,0,1.13775697367016
Mogibacterium,0,0,0,0,0,0,0,0,0,0
Novosphingobium,0.477790792700677,0,0,0,0,0,2.41282108484522,0,0,0
Ruminococcus,0.546418957218322,0,0,0,0,0,0,0,0,0
Thermoascus,24.1819226572597,1.13282562504173,24.7088077271739,14.3904786383186,0,0.357657210628778,37.3498773601895,0,0,0
Heliconius,0,0,0,0,0,0,0,0,0,0
Meleagris,0,0,0,0,1.35602618307099,0,0,0,0,0
Rickettsiella,0,13.0873271984981,0,0.259023005079299,0,0,0.971937598848265,0,0,0
Torrubiella,8.71857837617497,0,0,0,0,0,16.8239563947861,0,4.99361925405198,0
Verticillium,49.6719418884211,0.933717563173063,0,0,0,4.60534935918337,46.6595197607206,0,0,0
Gracilibacillus,0,0,0,0,15.9169786841668,0,0,0,0,0
Thermomyces,0,0,0,0,0,0,0,0,0,0
Janibacter,0,0,0,0,0,0,0,0,0,0
Rhodococcus,0.317511322949025,0,0,0,0,0,0,0,0,0
Cyphellophora,101.527431719489,1.61991517479189,0,0,0,0,0,0,0,0
Didymobotryum,17.470201344946,19.7381474755035,6.48007875580314,21.3898049527289,1514.05869323348,0.794901936799594,0,0,0,0
Symbiotaphrina,15.1467833817859,0,0,0,0,0,0,0,0,0
Oropetium,1.25686890249322,25.0904656439607,360.953565536908,30.7670668845282,0,0,0,0,0,0
Diplodia,56.7963469710446,10.9582557326922,0,7.61743499884588,0,0.127195784359269,13.8046250554955,0,0,0
Anoxybacillus,5.78909364964919,0,0.114229538265219,1.06266842840058,0,0,1.98499534811367,0,0,0
Shewanella,0,0,0,0,0,0,0,0.51562236462308,0,0
Alphabaculovirus,0,0,0,0,0,0,0,0,0,0
Blautia,0,0,0,3.19565468694011,0,0,0,541.392967314996,0,0
Paucisalibacillus,24.3641695913651,0,0,0,0,0,0,172.466072030809,0,0
Skermanella,0,0,0,0,0.467145623940825,0,0,0,0,0
Macrostomum,0,3.64851561925144,6.0801348730634,0.89788223579577,0,0,0,0,0,0
Methylobacterium,108.989919372291,0,0,0,0,0.428270083235505,0,9.39971775439902,0,0
Plutella,2.22996274370872,2.46173283910014,0,55.2999914411756,0,0,0,0,0,0
Alicyclobacillus,2.09717989584535,0,0,0,0,0,0,0,0,0
Halomonas,20.0216538043219,0,0,0,0,0,0,0,0,0
Eucidaris,0,0,0,0,0,0,0,0,0,0
Desulfosporosinus,8.36721743072882,0,0,0,0,0,0,7.94782343791561,0,3.34090079266268
Stachybotrys,4.76429046808668,0.283024330324986,0,24.0715476627682,0,0,104.722491759152,0,0,0
Alkanindiges,109.229288881758,4.40028563408812,0.356612421578305,16.8223911691565,0,0,0,0,0,0
Phialophora,42.8279785394067,0,0,0,0,0,0,0,0,0
Paxillus,6.22103840781595,14.5258719088926,25.5575733521078,47.6884022349491,0,0,0,0,0.423757368393578,0
Serratia,0,0,0,0,0,0,0,0,10.5206121505182,0
Anopheles,0,0,0,0,0,0,0,0,0,0
Peptostreptococcus,0,0,0,0,0,0,0,0,0,0
Endocarpon,0.797649167705797,0.737387096595357,0,0,0,0,0,0,0,0
Modestobacter,0,0,0,0,0,0,0,0,0,0
Theobroma,0,0,0,0,0,0,0,0,0,0.636505216730394
Granulicatella,0,0,0,10.613608507346,0,3.32955128916894,0,0.602969085316457,19.2903744064447,0
Ensete,0,0,0,0,0,0,0,0,0,0
Dothistroma,92.9391975761949,10.219287988288,0,0,0,0,41.7122159001061,0,0,0
Lymnaea,0,30.411196961097,0.279912885058213,11.3251277382565,0,0,0,0,0,0.151249790580303
Syntrophomonas,0,0,0,0,35.5556916784746,0,0,0,81.7448817501643,0
Brevibacillus,5.91600071225538,3.70225812772787,0,95.7047111122608,0,14.885670105906,0.203145328590632,0,0,0
Mastigocladus,0,0,0,0,0,0,0,0,0,0
Ornithinibacillus,0.764625268425201,0,0.137042865920938,0,0,0.257610023604922,0,0,0,0
Onygena,11.6293903643453,18.6202904133927,49.2973061772791,13.6826164603248,17.2583098646658,40.1841078177594,138.85822685753,0,0,0
Primula,0,2.77771589008082,0,0,0,0,0,0,0,0
Arcticibacter,6.64912416229645,16.1637596490065,0,0.95393088512458,0,0,65.1993224484772,0,0,0
Bradyrhizobium,17.2618933128007,0,0,0,0,0,0.268011894263916,0,0,0
Cajanus,0,0,0,0,0,0,0,0,0,0
Eristalis,0,0,0,0,0,0,0,0,0,0
Glonium,31.2793343733166,2.58149716001338,2.43831670619615,1.8905930689674,0,8.52167647217851,0.73132434567664,0,0,26.2259762441649
Hanseniaspora,0,0,0,0,0,0,0,0,0,0
Glutamicibacter,0,0,0,0,0,0,0,0,0,0
Hevea,0,0.179787570749857,0,0,0,0,0,0,0,0
Paracoccidioides,0,0,0,0,0,0,0,0,0,0
Nocardiopsis,0,0,0,0,0,0,0,0,0,0
Athelia,0,33.8973226643737,4.01376627601214,33.9546588610947,0.560679563183606,5.28411365156382,0,0,0,0
Arcobacter,0,0,0,0.329280265105131,0,0,0,0,0,0
Ziziphus,2.36405211416143,0.153829950240044,0,0,0,0,1.19462261063702,0,0,0
Cellvibrio,6.85451604683317,0,0.842000696556216,60.9298216390405,0,0,0,0,1.12849459792264,0
Suillus,0.328671083442549,2.68836785557338,9.1060862442615,38.835736312855,0,0,0.0994394887588509,0,40.6135800282735,0
Pseudoglutamicibacter,0,0,0,0,0,0,0,0,0,0
Pyrinomonas,9.90035566693634,0,0,0,0,0,0,0,0,0
Methylophilus,0.309519331849425,0,0,0,0,0,0,0,0,0
Sporomusa,6.82841453748612,0,0,0,0,0,0,0,0,0
Ktedonobacter,3.1936675658885,0,17.1363675151304,4.50911889298845,0.274734987643458,0,6.33742851193872,44.7874806147996,0,0
Hypochthonius,0,0,0,1.39545955655261,0,0,0,0,0,0
Scedosporium,2.06061834443895,17.4998978598128,0,0,0,33.2490197083531,4.9017389285712,0,0,0
Ixodes,0.455587699521472,0,8.98599866520799,0.127523140092716,0,0,0,0,0,0
Virgibacillus,0,0,0,0,0,1.06631023758779,0,0,0,0
Ciborinia,0,6.42105291932904,0,6.39908312558936,0,0.677591659739322,0,0,0,0
Lasallia,16.1487819774159,0.0534879076491559,11.7565264655167,4.63678388551649,0,0,0,0,0,0
Anthracocystis,0.131256607152221,1.52523491559821,18.4199029138952,7.25068661526731,0,0,0,0,4.22627410650599,0
Lodderomyces,0,0,0,0,0,0,0,0,0,0
Podospora,2.337838043049,0,4.90511761088744,0,0,0,0,0,0,0
Phi29likevirus,0,0.823716084007662,0,0,0,0,0,0,0,0
Dactylonectria,25.1489683159261,0.193914644500569,0,2.52304616856322,0,39.285025855615,30.1579081156441,0,0,0.240106302765723
Botryosphaeria,248.15538854534,0,0,14.5905841324187,0,2.48015191566149,14.2683901041212,17.086343245707,0,0
Pelotomaculum,4.41575246219784,0.37189349407413,0,0,0.730379029110557,0,0,0,0,0
Arachis,0.0989406284262987,0,0,0,0,0,0,0,0,0
Pochonia,0.725616265367404,0,0,0,0,0,31.0180471545596,0,0,0
Graphilbum,21.6444343550319,7.22386305879732,0,0,0,0,0,0,0,0
Achipteria,0,0,0,0,0,0,0,0,0,0
Rubritalea,0,0,0,0,0,0,0,0,0,0
Lachnoanaerobaculum,0,0,0,0,0,0,0,0,0,0
Chitinophaga,17.3821401478061,0,0,1.78766335048628,1.15877457279656,7.12277513631295,0,0,0,0
Dialister,0,0,0,0,0,0,0,0,0,0
Tilletiaria,1.66346356190766,7.79523394652919,0,17.0642913726434,0,72.9404541894607,35.4077153112948,0,0,0
Desulfitibacter,0,0,0,0,0,0,0,0,0,0
Silybum,0,75.3570609457878,0,0,0,0,0,0,0,0
Myceliophthora,4.80988025098497,0.646346363834372,0,0,0,1178.42507629426,0,0,0,0
Dorea,0,0,0,0,0,0,0,0,0,0
Caldilinea,10.1686307298786,0,0,0,0,0,0,0,0,0
Sterkiella,14.7505435822237,0,0,0,0,0,6.43508643368879,0,0,0
Trachymyrmex,0,0.519079251398369,0,29.290388057521,0.287557360524126,0,0,0,0,0
Haematobacter,0,0,0,0,0,0,0,0,0,0
Vicia,0,0,0,0,0,0,0,0,0,0
Leptoxyphium,95.1746344597761,0.273603278656705,0,0,0,0,5.30446335406019,61.6240070298681,0,0
Leptotrichia,0,0,0,0.320116228184981,0,0,0,0,0,0
Cohnella,0.8577009929175,0,0,0,0,3.42753294255014,0,0,0,0
Pedosphaera,34.6271979032354,0,0,0,0,0.785921129740009,0,0,120.971660233357,0
Tremella,196.224357443022,13.8382293174387,0,1.01059045599359,0,0,0.50461121195849,0.487224570997136,0,0
Reticulascus,46.7126610085459,0.879387405656402,0.255000011508167,21.7004628246267,0,1.06216244896536,0,0,4.46515397075659,0
Mucor,0,3.59937634347859,0,0,0,0,0,0,0,0
Aneurinibacillus,0.265690607676426,0,0,0,0,0,0,0,0,0
Myroides,0,0,0,0,0,0,0,0,0,0
Fagopyrum,0,0,0,0,4.32086110875551,0,0,0,0,0
Weissella,0,8.84014999672179,0,0.168912161899834,0,0,0,0,0,0
Teleopsis,1.04383287667198,0,0,0.224656014819111,0,0,29.164405380822,0,0,0
Ophiostoma,3.79284253863553,0,0,0,0,0,0,0,0,0
Noviherbaspirillum,0.25393300895603,0,0,0,0,0,0,0,0,0
Comamonas,0,0,0,0,0,0,0,0,0,0
Amphibacillus,0,0,0,2.35427391947131,0,0,0,0,0,0
Runella,322.203383957653,0,0,1.81866820283041,0,22.7999238820024,7.33677153084859,0,0,0
Bdellovibrio,2.90927047130353,0,0,32.7157074575865,0,0,0,0,0,0
Neonectria,7.61986339563425,3.0567320142017,0,1.64547319090604,0,0,0,0,0,0
Operophtera,0,0,0,0,0,0,0,0,0,0
Methylotenera,0,0,0,0,0,0,0,0,0,0
Rheinheimera,0.141480703112082,0,0,0.12355502897722,0,0,0,0,0,0
Kamptonema,0,0,0,0,0,0,0,0,0,0
Fistulina,0,31.9913684468718,9.4028631449491,31.1157669587917,0,13.9682060811658,0,0,0,0
Lacinutrix,0.201059707804589,0,0,0,0,0,4.61911604339931,0,0,0
Candidatus Solibacter,0.421151695914216,0,0,0,0,0,0,0,0,0
Blattella,9.30461418643536,0,0,0,0,0,0,9.54759220759342,0,0
Macrococcus,1.95368787532573,0,0,0,0,0,0,28.2316579029835,0,0
Cystobasidiopsis,139.042049797788,25.8189779589545,0.655932037670922,14.0997366009231,0,0,0.558476812353604,0,0,0
Pasteurella,0,0,0,0.838622434034918,0,16.8409341434472,0,0,0,0
Conchiformibius,0,0,0,9.58770333376734,0,0.636190204055947,0,0,0,0
Cyclobacterium,0,0,0,0,0,0,0,0,0,0
Scleroderma,0,12.4210503206389,2.01602644987439,2.92487109475908,0,0,0,0,0,0
Phyllosticta,60.8447230719692,2.93818755798439,0,5.025934369925,0,0,0,0,0,0
Sporocytophaga,2.26592316663935,0,0,48.7594838353764,0,0,0,0,0,0
Algoriphagus,2.01538864403113,0,0,116.458744782184,0,0,0,0,199.854018193245,0
Acidovorax,0,0,0,0,0.297712443385061,0,0,0,0,0
Diuraphis,0,0,0,24.1001110740321,0.310000909286046,11.6306648606394,4.24649324955921,0,0,0
Halococcus,0,0,0,0,0,0,0,0.506423684812152,0,0
Thermomucor,7.80858125051921,0.762012741592533,3.13987653177675,7.28245908660925,0,29.9620218760927,42.1820359375927,0,0,0
Phalaenopsis,4.4434995072808,0,0,0,0,0,0,0,0,0
Plasmodium,0,7.09334941754438,0,0,0,0,0,0,0,0
Caldalkalibacillus,0,0,0,0,0,0,0,4.56018998723933,0,0
Lautropia,0,0,0,0,0,0,0,0,0,0
Magnaporthe,3.87143403513606,0.192708894779845,0,1.72016512643654,0,0,0,0,0,0
Nematostella,0,0,0,0,0,0,0,0,0,19.2487878616969
Blumeria,0,0,0,0,0,1.08838392060925,0,0,0,0
Synechococcus,0,0,0,0,0,0,0,0,0,0
Myxosarcina,0,0,0,0,0,0,0,0,0,0
Alloiococcus,0,0,0,0,0,0.305673678603068,0,0,0,0
Coleofasciculus,0,0,0,0,0,0,0,0,0,0
Butyrivibrio,0,0,0,0,0,0,0,0.905774801868258,0,0
Varibaculum,0,0,0,14.1414055705273,0,0,0,0,0.759383124117728,0
Phlebopus,1.87850420712974,20.3988890010222,0.280238717391407,17.4998266717705,14.6016014547427,0,0,0,0,0
Xylona,83.4980313385034,10.7867774510302,0,0,0,0,0,0,0,0
Rhizobium,0.122561713127533,0,0,0,0,0,0,0,0,0
Pelosinus,0.366034879789331,0,0,13.8326155750878,0,0,0,0.316214447723985,0,0
Conyza,0,0,0,0,0,0,0,0,0,0
Tetranychus,0,0,1.68013344068872,0,0,0,0,0,0,0
Fusobacterium,0,0,0,0.76379330422938,0,0,0,0,0,0.843135013715424
Microvirga,1.36851388701276,0.741131875584789,0,0,0,0,0.757810205284642,0,0,0
Falciphora,0.353348608314205,0,0,0,0,0,16.6006187164019,0,0,0
Schistosoma,0,0,0,0,0,0,0,0,0,0
Bergeyella,0,0.797158884949061,0,38.9425232935094,0,12.0740924564613,0,0,0,0
Gottschalkia,0,0,0,0,0,0,0,0,0,0
Erwinia,0.655463998800396,0,0,0,0,0,0,0,0.506367149984341,0
Syncephalastrum,0,0,0,0,0,0,0,0,0,0
Frankia,0.948529900436557,0,0,0.779517970465244,0,0,0,0,0,0
Priapulus,0,0,0,1.96620171517032,0,0,0,0,0,0
Genlisea,0,0,0,0,0,0,0,0,0,0
Methylophaga,0,0,0,0,0,0,0,0,0,0
Risungbinella,0,0,0,0,0,0,0,19.4540308714691,0,0
Alkalibacterium,0,0,0,11.0511583767988,0,0,0,0,4.45040141029848,0
Peltaster,10.5903665037287,2.96678449774068,0,0.193352643127355,0,0,0,0,0,0
Haemonchus,0,0.0827096373042963,0,0,0,0,0,0,0,0
Rhytidhysteron,25.0730015097351,0,25.1461069164705,19.6076596283768,0,2.67746833970372,0,0,0,0
Steganacarus,4.10739773745174,0,0,0,0,0,0,0,0,0
Winogradskyella,0,0,0,0,0,0,0,0,0,0
Solibacillus,149.05896825503,0,0,0,0,0,0,0,0,0
Leptographium,9.6369056600129,7.17544223405473,0,0,0,0,4.82520818097272,0,0,0
Amauroascus,6.22667890502343,0,0,0,0,0,0,0,2.54933004916276,0
Cronobacter,1.99506373068752,0,0,0,0,0,0,0,0,0
Setosphaeria,19.4487863692581,0,0,0,0,0,0,0,0,0
Platynothrus,0,0,0,0,0,0,0,0,0,0
Kalmanozyma,0.177441302306038,0,0,0,0.488524271740716,0,0,0,0,0
Macrophomina,7.45923266830972,0,0,25.8894393426419,0,3.68881669222004,0,0,0,0
Clonostachys,13.5212788340037,9.92031275795992,0,0.122026083316133,0,0,0,0,0,0
Orchesella,2.94241392412844,0,0,0,0,0,0,0,0,0
Marinomonas,0,0,0,0,0,0,0,0,0,0.352833801030451
Culex,0,0,0,0,0,0,0,0,0,0
Fibrisoma,4.29412495649374,0,0,1.20349284592911,0,0,0,0,0,0
Anaerovorax,0,0,0,0,0,0,0,0,0,2.2038849780774
Cimex,0,0.666142984822371,0,0,0,0,0,0,0,2.64458684125045
Austrofundulus,9.45781485017048,0,0,0,0,0,0,0,0,0
Agrobacterium,0,0,0,1.21218335412863,0,0,0,0,0,0
Coccidioides,0,0,0,0,0,0,0,0,0,0
Gilvimarinus,0,0,0,0,0,0,0,0,0,0.247856463413642
Thermosinus,0,0,0,0,0,0,0,7.26988694184228,0,0
Rubellimicrobium,0,0,0,0,0,0,0,0,0,0
Cladosiphon,0,0,0,1.48771752144528,0,0,0,0,0,0
Columba,0,381.286049334121,0,0,0,0,0,0,0,0
Flexithrix,6.10798896879847,0,0,0,0,0,0,0,0,0
Herbaspirillum,1.52657326131267,0,0,7.54589918836537,0,0,1.98093921243028,0,0,0
Haloferula,0.319736048251018,0.204296045756148,0,2.32999864257119,0,0,0,0,0,0
Campylobacter,0,0,0,0,0,0,0,0,0,84.0714117076702
Drechslerella,0.503410480347593,10.7983855510929,16.5998453420871,13.513092475798,0,2.2453069230161,0,0.775291253702992,0,0
Brevibacterium,0,0,0,0,0,0,0,0,0.332868386886757,0
Rubrobacter,0,0,29.6179847319473,6.44351950058554,0,0,7.99132422859994,3.92458019858854,0,17.1582515751953
Neosynechococcus,0.201880319384417,0,0,0,0,0,0,0,0,0
Paenisporosarcina,0,0,0,29.2404194222746,0,0,0.263299118880551,0,0.14033240172832,0
Endocalyx,5.78412607884905,0,14.6995015378377,1.41958925448917,0,0,0,0,0,0
Leucobacter,0,0,0,0,0,0,0,0,0,0
Fibrella,0.747008582460843,31.4318763310581,0,12.6340010600675,0,0,0,0,0,0
Cyanothece,0,5.62654411191808,0,0,0,0,0,0,0,0.141774586592748
Xanthomonas,0,0,0,0,0,0,0,0,0,0
Dietzia,0,0,0,0,0,0,0,0,0,0
Leptospira,0,0,0,0,0,0,0,0,0,0
Ophiocordyceps,1.32597637402077,0,0,0.11164121131093,0,0,3.18138964911543,0,0,0
Fluviicola,0,0,0,2.08883783421256,0,0.540974816444672,0,0,3.38423139343345,0
Mus,0,0,0,0,0,0,0,0,0,0
Ipomoea,0,0,0,0,0,0,0,0,0,0
Haliscomenobacter,0.499886424000317,0,0,0,0,0,0,0,0,0
Zoysia,0,0,0,0,0,0,0,0,0,0
Anabaena,2.00364616870484,0,0.513715333557469,0,0,0,0.973282663084481,2.57552848355293,0,2.38762803013237
Methanobrevibacter,0,0,0,0,0,0,0,0,0,0
Hirsutella,24.1390331698906,0,52.1943291502748,0.548292040555153,0.266714597335138,0.127880968173071,0.25858694956398,0,0,0
Lasius,0,0,0,0,0,0,0,0,0,0
Cyphomyrmex,0,0,0,0.583264561107727,0,0,0,0,0,0
Desulfitobacterium,0.139013345454785,0,0,0,0,0,0,0,0,0
Dermabacter,0,0,0,0,0,0,0,0,0,0
Chlorogloeopsis,0,0,0,0.920633897191989,0,0,0,0,0,0.386309051527093
Nodularia,0,0,0,0,0,0,0,0,0,349.975038092159
Danio,0,0,0,0,0,0,0,0,0,0
Moorella,0,0,0,0,0,0,0,0,0,0
Pseudozyma,0.239600943225443,0.362957012281595,0,0,0,0,0,0,0,0
Rhodopirellula,0,0,0,0.271242810422344,0,0,3.28308078824535,0,0,0
Methylobacter,0,0,0,0,0,0,0,0,0,0
Sphingopyxis,0,0,0,0,0,0,0,0,0,0
Microbacterium,0,0,0,0,0,0,0,1.54426370782117,0,0
Johnsonella,0,0,0,0,0,0,0,0,0,0
Nitrosopumilus,7.91891203911893,0,0,0,0,0,0,2.3740308915301,0,0
Cicer,0,0,0,0,0,0,3.89342156439863,0,0,0
Planktomarina,0,0,0,0,0,0,0,0,0,0
Cesiribacter,0.762039132782268,0,0,0,0,0,0,0,0,0
Joostella,0,0,0,0,3.23371134118967,0,0,0,0,0
Acaryochloris,0,0,0,0,0,0,0,0,0,0
Cylindrospermum,0,0,0,0,0,0,0,0,0,8.66712403623366
Facklamia,5.61728711011681,0,0,0,0,0,0,0,0,0
Leishmania,0,0,0,0,0,0,0,0,0,0
Tetragenococcus,0,0,0,0.451456463363856,0,0,0,0,0,0
Eragrostis,0,0,0,0,0,0,0,0,0,0
Pseudobacteroides,0.12021236964809,0,0,0,0.864547731160028,0,0,19.0041074960159,0,0
Torulaspora,0,0,0,0,0,0,0,0,0,0
Geobacter,0,0,0,0,0,14.866571486864,0,0,82.3163844344149,0
Elizabethkingia,1.0661581673455,0,0,0,0,0,0,0,0,0
Terrisporobacter,0,0,0,0,0,0,0,0,0,0
Penstemon,1.51504503994483,0,0,0,0.330321871805383,0,0,0,0,0
Picochlorum,0,0,0,0,0,0,0,0,0,0
Psychromonas,0,0,0,0,0,0,0,0,0,0
Azospirillum,0,0,0,0,0,0,0,0,0,0
Astrammina,0,0,0,0,0,0,0,0,0,0
Actinoplanes,23.880154012005,0.979353004635804,0,7.85824468882724,0,0,0,0,0,0
Pleurobrachia,0,13.1073793017446,0,0,0,0,0,0,0,0
Nocardioides,2.7878953276908,0,0.248358730498141,0,0,0,0,9.56416289040723,0,0
Dongia,0,0,0,0,0,0,0,0,0,0
Chamaesiphon,0,0,0,0,0,0,0,0,0,0
Empedobacter,0,0,0.0872110998702084,0,0,0,0,94.3776508960786,0,0
Dendrobium,29.8597177503469,13.9198540577056,0,0,0,0,0,0,0,0
Camelina,0,0,0,0,0,0,0,0,0,0
Williamsia,0,0,0,0,0,0,0,0,0,0
Pseudanabaena,0,0,0,0,0,0,0,0,0,0
Gekko,0,0,0,0,0,0,0,0,0,0
Eurytemora,0,0,0,0.563716629632401,0,0,0,0,0,0
Lupinus,0,0,0,0,0,0,0,0,0,0
Microlunatus,0.501525696512405,0,0,0,0,0,0,0,0,0
Holtermanniella,4.37029943614529,0,0,9.15580136912118,0,0,0,0,0,0
Blastomyces,0,30.6767014074817,0,0,0,0,0,0,0,0
Spirillospora,0,0,0,0,0,0,0,0,0,0
Chthoniobacter,0.452763960903712,0,0,0,0,0,0,0,0,0
Duganella,0,0,0,0,0,0,0,0,0,0
Sunxiuqinia,0,0,0,2.79887069962883,0,0,1.08575092682364,0,0,13.9743805654436
Draconibacterium,0,0,0,0,0,0,0,0,0,0
Nosocomiicoccus,0,0,0,0,0,0,0,0,0,0
Bartonella,0,0,0,0,0,0,0,0,0,0
Chrysosporium,0,0,0,0,0,0,0,0,0,0
Moorea,0,0,0,0,0,0,0,0,0,0
Aquilaria,0,0.699105665881709,0,0,5.09668276268927,0,0,0,0,0
Trichophyton,14.6419356972128,0,0,0,0,0,0,0,0,0
Candidatus Pelagibacter,0,0,0,0,0,0,0,0,0,0
Ochrobactrum,0,0,0,0,0,0,0,0,0,0
Basidioascus,0,16.446637251206,30.3217561335679,13.0016181829039,0,0,0,0,0,0
Olivibacter,0.94042231584223,0,0,0,0,0,4.02809625011951,0,0,0
Agrilus,0,0,0,0,0,0,0,0,0,0
Collinsella,0,0,0,0,0,0,0,0,0,0
Coprococcus,0,0,0,0,0,0,0,0,0,0
Herbinix,0,0,0,0,0,0,17.9368871501428,0,0,0
Saccharopolyspora,0,0,0,0,0,0,0,0,0,0
Eudoraea,0,0,0,0,0,0,0,0,0,0
Catajapyx,0,0,0,0,0,0,0,0,0,0
Albophoma,1.20153375485141,0,0.211799009483821,0,0,0,0,0,0,0
Oxytricha,0,0,0,0,0,0,0,0,0,0
Cytophaga,6.10284401832944,0,0,14.5166673453058,0,1.03915101403815,0,0,0,0
Kurthia,0,0,0,0,0,0,0,0,0,0
Salegentibacter,0,0,0,2.1267177493283,0,0,8.64274014909924,0,0,239.832232242403
Solitalea,11.3948632082053,0,0,0.677949626056028,0,1.0764219774478,0,0,0,0
Belgica,0,0,0,0,0,0,5.15359402490089,0,0,0
Cellulomonas,0,0,0,0,0,0,0,0,0,0
Knoellia,0,0,0,0,0,0,0,0,0,0
Polynucleobacter,0,0,0,0,0,0,0,0,0,0
Oxobacter,0,0,0,0,0,0,0,0,0,0
Psychroserpens,0,0,0,0,0,0,0,0,0,0
Lachnoclostridium,0,0,0,0,0,0,0,60.1653141924548,0,0
Yarrowia,0,0,0,0,0,0,0,0,0,0
Selenomonas,0,0,0,0,0,0,0,0,0,0
Calditerricola,0,0,0,0,0,0,0,0,0,0
Altererythrobacter,0,0,0,0,0,0,0,0,0,0
Rahnella,0,0,0,0.160818921485429,0,0,0,0,0,0
Polaribacter,0,0,0,0,0,0.338113486613126,0,0,0,0
Hyaloperonospora,0.756172900997816,0,0,0,0,0,0.502358439241514,0,0,0
Sharpea,0,0,0,0,0,0,0,0,0,0
Limulus,0,0,0,0,0,0,0,0,0,0
Candidatus Amoebophilus,0,0,0,0,0,0,0,0,0,0
Gaeumannomyces,12.5348957479477,0,0,0,0,0,0,0,0,0
Ocimum,0,0,0,0,0,0,0,0,0,0
Lotus,0.108461457183514,9.01704256070177,0,0,0,0,0,0,0,0
Nitrosomonas,0,6.64730205000892,0,0,0,0,0,0,0,0
Verrucomicrobium,0,7.65611979370182,0,9.31478876307121,0,0,0.710886516384936,0,0,0
Dorcoceras,69.2874704695917,0,0,0,0,0,0,0,0,0
Tenacibaculum,0,0,0,0,0,0,0,0,0,0
Paludibacter,0.735724662074538,0,0,0,0,0,0,0,0,0
Nodosilinea,0,0,0,0,0,0,0,0,0,12.041254216013
Betabaculovirus,0,0,0,0,0,0,0,0,0,0
Silene,0.237247099155527,0,0,0,0,0,0,0,0,0
Maribacter,0,0,0,0,0,0,0,0,0,0
Atkinsonella,0,0,0,0,0,0,0,0,0,0
Nafulsella,0,0,0,0,0,0,0,0,0,0
Byssoonygena,11.1162212289988,0,0,0,0,0,21.2772067045315,0,0,0
Aureimonas,0.80047503323446,0,0,0,0,0,0,0,0,0
Anaerobacillus,0.349355080451088,0,0,0,0,0,0,0,0,0
Urostyla,0.338426730213908,0,0,0,0,0,0,0,0,0
Helcococcus,0,0,0,0,0,0,0,0,0,0
Mayetiola,0,0,0,0,0,0.189756056619733,0,0,0,0
Megasphaera,0,0,0,0,0,0,0,0,0,0
Hoeflea,0,0,0,0,0,0,0,0,0,0
Trichogramma,0,0,0,0,0,0,0,0,0,0
Parabacteroides,0,0,0,0,0,0,0,0,0,0
Dianthus,0,0,0,0,0,0,0,0,0,0
Lyngbya,0,0,0.512102206246558,0,0,0,0,0,0,0
Thalassobacillus,0,0,0,0,1.14834973034743,0,0,0,0,0
Dysgonomonas,4.19941285020803,0,0,0,0,0,1.85320904204733,0,0,0
Spizellomyces,103.430897728997,0,0,0,0,0,0,0,0,0
Nicrophorus,0,0,0,0,0,0,0,0,0,0
Calonectria,0,0.119897839643579,0,0,10.8732419731184,0,0,0,0,0
Granulicella,0.844184227364929,0,0,0,0,0,13.7617690399952,0,0,0
Oscillibacter,0,0,0,0.294001756875803,0,0,0,33.4071499312663,0,0
Octopus,0,0,0,0,0,0,0,0,0,0
Terribacillus,0,0,0,0,0.115719273506869,0,0,0,0,0
Rudanella,1.30717222547406,0,0,0,0,0,0,0,0,0
Clavispora,0,0,0,0,0,0,0,0,6.77682081261742,0
Plasmodiophora,0,0,0,0,0,0,0,0,0,0
Caulobacter,0.498236610940829,0,0,0,0,0,0,0,0,0
Jiangella,0,0,0,3.93284804792216,0,0,0,0,0,0
Clogmia,0,0,0,0,0,0,0,0,0,0
Holdemanella,0,0,0,0,0,0,0,0.614556322302198,0,0
Lacticigenium,0,0,0,0,0,0,0,0,0,0
Stegodyphus,0,0,0,0,0,0,0,0,0,0
Eremococcus,0,0,0,0,0,0,0,0,0,0
Proteiniphilum,22.9348851007645,0,0,1.90938931082583,1.36081734212112,0,0,0,0,0
Geodermatophilus,0,0,0,0,0,0,0,0,0,0
Branchiostoma,0,0,0,0,0,0,0,0,0,0
Gregarina,0,0,0,0,0,0,0,0,0,0
Candidatus Koribacter,0,0,0,0,0,0,0,0,0,0
Melitaea,0,0,0,0,0,0,0,0,0,0
Erythranthe,0,0,0,0,0,0,0,0,0,0
Sorghum,0,0,0,0,0,0,0,0,0,0
Rouxiella,0,0,0,0,0,0,0,0,0,0
Fervidicella,0,0,0,0,0,0,0,0,0,0
Muricauda,5.08626182919064,0,0,0,17.9691936190157,0,0,0,0,0
Caldicoprobacter,2.98637412899804,0,0,0,0,0,0,0,0,0
Mortierella,0,0,0,27.1362824944048,0,0.947158911410635,0,0,0,0
Brevundimonas,0,0,0,0,0.322033191769911,0,0,0,0,0
Carthamus,0,0,0,0,0,0,0,0,0,0
Alloascoidea,0.651234419079793,0,0,1.46938333854231,0,0.311652235135104,0,0,0,0
Clupea,0,8.06629260546936,0,0,0,0,0,0,0,0
Tetmemena,0.510108980593724,0,0,8.13667795765447,0,0,0,0,0,0
Eichhornia,4.47074966602397,0,0,0,0,0,0,0,0,0
Thermobacillus,0.342542032539347,0,0,0,0,0,0,0,0,0
Biomphalaria,8.90590661793475,3.38928658941587,0,2.62644526160234,0,0,0.293377271052934,0,0,0
Alkalibacillus,0,0,0,0,0,0,0,0,0,0
Arenitalea,0,0,0,0,0,0,0,0,0,0
Formosa,0,0,0,0,0,0,0,0,0,0
Catharanthus,2.4069328941218,0,0,0,0,0,0,0,0,0
Opitutus,0,0,0,0,0,0,0,3.45709034035702,0,0
Parascaris,0,0,0,0,0,0,0,0,0,0
Photobacterium,0,0,0,0,0,0,0,0,0,0
Histoplasma,0,0,1.55666890672779,0,0,0,0,0,0,0
Centruroides,0,0,0,0,0,0,0,0,0,0
Manihot,0,0,0,0,0,0,0,0,0,0
Riemerella,0,0,0,0,0,0,0,0,0,0
Owenweeksia,0,0,0,7.89336000871985,0,0,0.24288104287692,0,0,0
Simonsiella,0,0,0,0,0,0,0,0,0,0
Thiothrix,0,0,0,0,0,0,37.8765021975487,0,0,0
Haloplasma,0.472739273549794,0,0,0,0,0,0,0,0,0
Pontibacillus,0,14.076822941772,0,0,0,0,15.0115968831093,0,0,0
Roseivirga,0,0,0,0,0,0,68.9701685079092,0,0,0
Pseudopodoces,0,0,0,0,0,0,0,0,0,0
Chironomus,0,0,0,0,0,0,0,0,0,0
Micavibrio,6.61879914843838,0,0,0,0,0,0,0,0,0
Knoxdaviesia,3.38719247443037,0,0,0,0,0,0,0,0,0
Nilaparvata,0,0,0,0,0,0,0,0,0,0
Blattabacterium,0,0,0,0,0,0,0,0,0,0
Pseudarthrobacter,0,0,0,0,0,0,0,0,0,0
Globodera,0.33701246372368,0,0.620661569411274,2.05554307608785,0,0,0,0,0,0
Skunalikevirus,0,0,0,0,0,0,0,0,0,0
Cetobacterium,0,0,0,0,0,0,0,0,0,0
Cavia,0,0,0,0,0,0,0,0,0,0
Roseiflexus,0.892715504539284,0,0,0,0,0,0,0.57850563810544,0,0
Pseudoperonospora,0,0,0,0,0,0,0,0,0,0
Polaromonas,0,0,0,0,0,0,0,0,0,0
Tepidanaerobacter,0.34382856686655,0,0,0,0,0,0,0,0,0
Parasitella,0,0.182684485275147,0,2.09005781402884,0,0,2.33739535413904,0,0,0
Thermogemmatispora,20.5465159084995,0,12.249364567207,8.07816847097141,0,0,1.00832463697409,0,0,0
Herpetosiphon,0,0,0,0,0,0,0,0,0,0
Thielaviopsis,0,0,0,0,0,0,0,0,0,0
Nasonia,0,0,0,0,0,0,0,0,0,0
Kytococcus,0.17356254537542,0,0,0,0,0,0,0,0,0
Atopococcus,0,0,0,0,0,0,0,0,0,0
Echinicola,24.7567580724525,0,0,0,0,0,0,0,0,0
Arabidopsis,0,0,1.24634669740881,0,0,0,0,0,0,0
Mesobuthus,0,0,0,0,0,0,0,0,0,0
Anoplophora,0,0,0,0,0,0,0,0,0,0
Citrobacter,0.0868410670861971,0,0,73.1071524103859,0,0,0,0,0,0
Cunninghamella,0,0,0,0,0,0,0,0,0,0
Candidatus Paracaedibacter,0,0,0,0,0,0,0,0,0,0
Solobacterium,0,0,0,0,0,0,0,0,0,0
Aethionema,0,0,0,0,0.86963200722654,0,0,0,0,0
Umbelopsis,0,0,0,0,0,0,0,0,0,0
Emticicia,0.237482680977453,0,0,0,0,0,0,0,0,0
Takifugu,0,0,0,0,0,0,0,0,0,0
Calycopis,0,0,0,0,0,0,0,0,0,0
Hungatella,0,0,0,0.634431351544024,0,0,0,0,0,0
Raffaelea,1.0618093513546,0,0,0,0,0,0,0,0,0
Fulvivirga,0,0,0,17.6188326635897,0,0,0,0,0,0
Hellea,0,0,0,0,0,0,0,0,0,0
Protopolystoma,0,0,0,0,0,0,0,0,0,0
Hypocrella,0,0,0,0,0,0,0,0,0,0
Nosema,0.179904229878195,0,0,0,0,0,0,0,0,0
Phaseolus,0,0,0,0,0,0,0,0,0,0
Thalassiosira,0,0,0,0,0,0,0,0,0,0
Candidatus Nitrosoarchaeum,10.2636966084274,0,0,0,0,0,0,0,0,0
Dokdonia,0,0,0,0,0,0,0,0,0,0
Thermobaculum,1.91128302987013,0,0,0,0,0,0,0,0,0
Bryobacter,0,0,0,0,0,0,0,0,0,0
Maylandia,0,0,0,0,0,0,0,0,0,0
Dictyostelium,0,0,0,0,0,0,0,0,0,0
Robinsoniella,0,0,0,0,0,0,0,0,0,0
Nannochloropsis,0,0,0,0,0,0,0,0,0,0
Balansia,0.409866294915902,0,0,0,0,0,0,0,0,0
Cellulophaga,0,0,0,0,0,0,0,0,0,0
Planktothrix,0,0,0,0,0,0,0,0,0,0
Selaginella,0,0,0,0,0,0,0,0,0,0
Sphaerobacter,1.53384173842795,0,0,0,0,0,0,0,0,0
Bifidobacterium,0,0,0,0,0,0,0,0,0,0
Spodoptera,0,0,0,0,0,0,0,0,0,0
Paraprevotella,0,0,0,0,0,0,0,0,0,0
Tetrasphaera,0,0,0,0,0,0,0,0,0,0
Sedimentibacter,0,0,0,0,0,0,0,0,0,0
Anaerostipes,0,0,0,0,0,0,0,0,0,0
Strigamia,0,0,0,0,0,0,0,0,0,0
Poecilia,0,0,0,0,0,0,0,0,0,0
Aequorivita,0,1.8433937374824,0,0,0,0,0,0,0,0
Acetonema,0.307517438654834,0,0,0,0,0,0,0,0,0
Stanieria,0,0,0,0,0,0,0,0,0,0
Citricoccus,0,0,0,0,0,0,0,0,0,0
Thermoanaerobacterium,0,0,0,0,0,0,0,0,0,0
Alcanivorax,0,0,0,0,0,0,0,0,0,0
Daphnia,0,3.97391608750558,0,0,0,0,0,0,0,0
Eggerthella,0,0,0,0,0,0,0,0,0,0
Aquimarina,1.80260427524791,0,0,3.60420662277365,0,0,0,0,0,0
Nakaseomyces,0,0,0,0,0,0,0,0,0,0
Varroa,0,0,0,0,0,0,0,0,0,0
Saprospira,0,0,0,0,0,0,0,0,0,0
Lunatimonas,0.206698430627832,0,0,0,0,0,0,0,0,0
Desulfotalea,0,0,0,0,0,0,0,0,0,0
Dielma,0,0,0,0,0,0,0,0,0,0
Lysobacter,0,0,0,0,0,0.192748094941396,0,0,0,0
Sordaria,1.24617930681799,0,0,0,0,0,0,0,0,0
Candidatus Protochlamydia,0,5.03732119761311,0,0,0,0,0,0,0,0
Roseovarius,0,0,0,0,0,0,0,0,0,0
Limnobacter,0,0,0,0,0,0,0,0,0,0
Terriglobus,0,0,0,0.280405839347153,0,0,0.193937333355718,0,0,0
Microchaete,0.337835636997301,0,0,0,0,0,0,0,0,16.4316656858894
N4likevirus,0,0,0,0,0,0,0,0,0,0
Micromonas,0,0,0,0,0,0,0,0,0,0
Xylanimonas,0,0,0,0,0,0,0,0,0,0
Holtermannia,0,0.589841872267957,0,0,0,0,0,0,0,0
Pseudopedobacter,0.566276984241666,0,0,0,0,0,0,0,40.4652510266114,0
Gramella,0,0,0,0,0,0,0,0,0,0
Linum,0.209516011779776,0,0,0,0,0,0,0,0,0
Microbotryum,0,0,0,0,0,0,0,0,0,0
Tsuchiyaea,36.540439982559,0,0,0,0,0,0,0,0,0
Coboldia,0,0,0,0,0,0,0,0,0,0
Cellulosilyticum,0,0,0,0,0,0,0,0,0,0
Magnaporthiopsis,0.135138513321081,0.0996150187356487,0,0,0,0,0,0,0,0
Idiomarina,0,0,0,0,0,0,0,0,0,0
Syntrophobacter,0,0,0,0,0,0,0,0,0,0
Drechmeria,0,0,0,0,0,0,0,0,0,0
Kribbella,0,0,0,0,0,0,0,0,0,0
Nakamurella,0,0,0,0,0,0,0,0,0,0
Saccharothrix,0,0,0,0,0,0,0,0,0,0
Singulisphaera,0.610812207111775,0.200070536550604,0,0,0,0,1.49205835185284,0,0,0
Batrachochytrium,0,0.530306355800244,0,0,0,0,0,0,0,0
Anaerosalibacter,1.37272088152478,0,0,0,0,0,0,0,0,0
Micromonospora,0,0,0,0,0,0,0,0,0,0
Latrodectus,0,0,0,0,0,0,0,0,0,0
Flaviramulus,0,0,0,0,0,0,0,0,0,0
Levyella,0,0,0,0,0,0,0,0,0,0
Ahrensia,0,0,0,0,0,0,0,0,0,0
Saccharomonospora,0,0,0,0,0,0,0,0,0,0
Onthophagus,0,0,0,0,0,0,0,0,0,0
Saccharina,2.32630771827203,0,0,0,0,0,0,0,0,0
Diachasma,0,0,0,2.90808100799262,0,0,0,0,0,0
Marinithermus,0,0,0,0,0,0,0,0,0,0
Marinifilum,0,0,0,4.70609955571216,0,0,0,0,0,0
Lentibacillus,0,5.25984985507351,0,0,0,0,0,0,0,0
Amyelois,0,0,0,0,0,0,0,0,0,0
Dermacoccus,0,0,0,0,0,0,0,0,0,0
Nitrospira,8.74077444232257,0,0,0,0,0,0,0,0,0
Hyphomicrobium,9.24763123513606,0,0,0,0,0,0,0,0,0
Anditalea,0,0,0,0,0,0,0,0,0,0
Variovorax,0,0,0,0,0,0,0,0,0,0
Tamlana,0,0,0,3.39907926533712,0,0,0,0,0,0
Jeotgalibacillus,0,0,0,0.353565224869593,0,0,0,0,0,0
Salimicrobium,0,0,0,0,0,0,0,0,0,0
Rickettsia,0,0,0,0,0,0,0,0,0,0
Desulfobacula,0,0,0,0,0,0,0,0,0,0
Kineosporia,0,0,0,0,0,0,0,0,0,0
Thermaerobacter,0,0,0,0,0,0,0,0,0,0
Aeribacillus,0,0,0,0,0,0,0,0,0,0
Locusta,0,0,0,0,0,0,0,0,0,0
Rubritepida,0,0,0,0,0,0,0,0,0,0
Ignavibacterium,0,0,0,0,0,0,0,0,0,0
Gordonia,0,0,0,0,0,0,0,0,0,0
Geitlerinema,0,0,0,0,0,0,0,0,0,0
Amycolatopsis,0,0,0,0,0,0,0.345899490730702,0,0,0
Alteromonas,0,0,0,0,0,0,0,0,0,0
Actinomadura,0,0,0,0,0,0,0,0,0,0
Homalodisca,0,0,0,0,0,0,0,0,0,0
Siansivirga,0,0,0,0,0,0,0,0,0,0
Saccharibacillus,0,0,0,0,0,0,0,0,0,0
Mastigocoleus,0,0,0,0,0,0,0,0,0,0
Tannerella,0.12291273568263,0,0,0,0,0,0,0,0,0
Syntrophaceticus,3.46909532443706,0,0,0,0,0,0,0,0,0
Akkermansia,0,0,0,0,0,0,0,0,34.9498791216807,0
Leifsonia,0,0,0,0,0,0,0,0,0,0
Fictibacillus,0,0,30.9702576148765,0,0,0,4.96301558105344,0,0,0
Leavenworthia,0,0,0,0,0,0,0,0,0,0
Sporolactobacillus,0,3.37310522531382,0,0,0,0,0,0,0,0
Hammondia,0,0,0,0,0,0,0,0,0,0
Propionispora,0,0,0,0,0,0,0,0,0,0
Porphyrobacter,7.78457895522914,0,0,0,0,0,0,0,0,0
Schlesneria,0,0,0,1.24304051988258,0,0,0,0,0,0
Gimesia,0,0,0,0,0,0,0,0,0,0
Ewingella,0,0,0,0,0,0,0,0,0,0
Thermithiobacillus,0,0,0,0,0,0,0,0,0,0
Spirochaeta,0,0,0,0,0,0,0,0,0,0
Atopobacter,0,0,0,0,0,0,0,0,0,0
Galbibacter,0,9.22364067559976,0,0,0,0,0,0,0,0
Grosmannia,0,0,0,0,0,0,0,0,0,0
Leersia,0,0,0,0,0,0,0,0,0,0
Neochlamydia,0,0.230020195641087,0,0,0,0,0,0,0,0
Youngiibacter,0,0,0,0,0,0,0,0,0,0
Cokeromyces,0,0,0,0,0,0,0,0,0,0
Rotaria,0,0,0,0,0,0,0,0,0,0
Phoebis,0,0,0,0,0,0,0,0,0,0
Holcocephala,0,0,0,0,0,0,0,0,0,0
Symbiobacterium,0,0,0,0,0,0,0,0,0,0
Oryzias,0,0,0,0,0,0,0,0,0,0
Conidiobolus,0,0,0,0,0,0,0,0,0,0
Candidatus Microthrix,0.547239275025926,0,0,0,0,0,0,0,0,0
Prochlorococcus,0,0,0,0,0,0,0,0,0,0
Limnephilus,0,0,0,0,0,0,0,0,0,0
Fopius,0,0,0,0,0,0,0,0,0,0
Ostreococcus,0,0,0,0,0,0,0,0,0,0
Salinispora,0,0,0,0,0,0,0,0,0,0
Flagellimonas,0,0,0,0,0,0,0,0,0,0
Nematocida,0,0,0,0,0,0,0,0,0,0
Solimonas,0,0,0,0,0,0,0,0,0,0
Phaeodactylum,0,0,0,0,0,0,0,0,0,0
Parvimonas,0,0,0,0,0,0,0,0,0,0
Aureispira,0,0,0,0,0,0,0,0,0,0
Gracilimonas,0,0,0,0,0,0,0,0,0,0
Nocardia,0,0,0,0,0,0,0,0,0,0
Kluyvera,0,0,0,0,0,0,0,0,0,0
Dechloromonas,0,0,0,0,0,0,0,0,0,0
Metrosideros,0,0,0,0,0,0,0,0,0,0
Actinobacillus,0,0,0,0.149063084179924,0,0,0,0,0,0.279363711573344
Vitellibacter,0,0,0,0,0,0,0,13.5779691282527,0,0
Elioraea,0,0,0,0,0,0,0,0,0,0
Alistipes,0,0,0,0,0,0,0,0,0,0
Aphanizomenon,0,0,0,0,0,0,0,0,0,2.24561988686599
Stigmatella,0,0,0,0,0,0,0,0,0,0
Heterococcus,0,0,0,0,0,0,0,0,0,0
Afipia,55.9154275963907,0,0,0,0,0,0,0,0,0
Pectobacterium,0,0,0,0,0,0,0,0,0,0
Edaphobacter,3.76755520138115,0,0,0,0,0,0,0,0,0
Anaerophaga,0,0,0,0,0,0,0,0,0,0
Methylomonas,0.104581901192447,0,0,0,0,0,0,0,0,0
Colwellia,0,0.270462364628547,0,0,0,0,0,0,0,0
Apophysomyces,0,0,0,0,0,0,0,0,0,0
Bhargavaea,0,0,0,7.24275115666915,0,0,0,0,0,0
Buchnera,0,2.76719408768612,0,0,0,0,0,0,0,0
Helicobacter,0,0,0,6.63992374270051,0,0,0,0,0,0
Fluoribacter,0,0,0,0,0,0,0,0,0,0
Acidithiobacillus,0,0,0,0,0,0,0,0,0,0
Microplitis,0,0,0,0,0,0,0,0,0,0
Halalkalicoccus,0,0,0,0,0,0,0,0,0,0
Tipula,0,0,0,0,0,0,0,0,0,0
Tolumonas,0,0,0,0,0,0,0,0,0,0
Roseobacter,0,0,0,0,0,0,0,0,0,0
Nesterenkonia,0,0,0,0,0,0,0,0,0,0
Tribolium,0,0,0,0,0,0,0,0,0,0
Zhouia,0,0,0,0,0,0,0,0,0,0
Paraglaciecola,0,0,0,0,0,0,0,0,0,0
Aphanocapsa,0,0,0,0,0,0,0,0,0,0
Proteiniclasticum,0,0,0,0,0,0,0,0,0,0
Chelatococcus,0,0,0,0,0,0,0,0,0,0
Lewinella,0.068154333421998,0,0,0,0,0,0,0,0,0
Lichtheimia,0,0,0,0,0,0,0,0,0,0
Salinibacillus,0,0,0,0,0,0,0,0,0,0
Crassostrea,0,0,0,0,0,0,0,0,0,0
Candidatus Babela,0,0,0,0,0,0,0,0,0,0
Solenopsis,0,0,0,0,0,0,0,0,0,0
Mangrovimonas,2.31986454134128,0,0,0,0,0,0,0,0,0
Metschnikowia,0,0,0,0,0,0,0,0,0,0
Ilumatobacter,0.105875509554805,0,0,0,0,0,0,0,0,0
Pseudohongiella,0,0,0,0,0,0,0,0,0,0
Nonomuraea,3.24349165236477,0,0,0,0,0,0,0,0,0
Hypothenemus,0,0,0,0,0,0,0,0,0,0
Leeuwenhoekiella,0,0,0,0,0,0,0,0,0,0
Candidatus Puniceispirillum,0,0,0,0,0,0,0,0,0,0
Gelidibacter,0,0,0,0,0,0,0,0,0,0
Anaerolinea,0,0,0,0,0,0,0,0,0,0
Olleya,0,0,0,0,0,0,0,0,0,0
Jatropha,0,0,0,0,0,0,0,0,0,0
Nitrosospira,0,0.116880205253401,0,0,0,0,0,0,0,0
Alishewanella,0,0,0,0,0,0,0,0,0,0
Propionicicella,0,0,0,0,0,0,0,0,0,0
Cycloclasticus,0,0,0,0,0,0,0,0,0,0
Toxocara,0,0,0,0,0,0,0,0,0,0
Rhodnius,0,15.2961018601881,0,0,0,0,0,0,0,0
Tatlockia,0,0,0,0,0,0,0,0,0,0
Xenococcus,0,0,0,0,0,0,0,0,0,0
Propionimicrobium,0,0,0,0,0,0,0,0,0,0
Neptunomonas,0,0,0,0,0,0,0,0,0,0
Catenibacterium,0,0,0,0,0,0,0,0,0,0
Carica,0,0,0,0,0,0,0,0,0,0
Arsenophonus,0,0,0,0,0,0,0,0,0,0
Hydra,0,0,0,0,0,0,0,0,0,0
Glossina,0,0,0,0,0,0,0,0,0,0
Lentisphaera,0,0,0,0,0,0,0,0,0,0
Blastococcus,0,0,0,0,0,0,0,0,0,0
Actinopolymorpha,0,0,0,0,0,0,0,0,0,0
Altibacter,0,0,0,0,0,0,0,0,0,0
Thermacetogenium,0,0,0,0,0,0,0,0,0,0
Bombyx,0,0,0,0,0,0,0,0,0,0
Nitrobacter,0,0,0,0,0,0,0,0,0,0
Camponotus,0,0,0,0,0,0,0,0,0,0
Betapapillomavirus,0,0,0,0,0,0,0,0,0,0
Oleispira,0,0,0,0,0,0,0,0,0,0
Rivularia,0.70846506736753,0,0,0,0,0,0,0,0,0
Sneathia,0,0,0,0,0,0,1.51382492647118,0,0,0
Thermicanus,0,0,0,0,0,0,0,0,0,0
Aquaspirillum,0,0,0,0,0,0,0,0,0,0
Mycoplasma,0,0,0,0,0,0,0,0,0,0
Nereida,0,0,0,0,0,0,0,0,0,0
Fenollaria,0.139128527668399,0,0,0,0,0,0,0,0,0
Streptosporangium,1.66674274147984,0,0,0,0,0,0,0,0,0
Frondihabitans,0.271450117887317,0,0,0,0,0,0,0,0,0
Opisthocomus,0,0,0,0,0,0,0,0,0,2.42958935770489
Auxenochlorella,0,0,0,0,0,0,0,0,0,0
Terracidiphilus,0,0,0,0,0,0,0,0,0,0
Oryctes,0,0,0,0,0,0,0,0,0,0
Candidatus Nitrosotenuis,0,0,0,0,0,0,0,0,0,0
Cellulosimicrobium,0,0,0,0,0,0,0,0,0,0
Arcanobacterium,0,0,0,0,0,0,0,0,0,0
Megamonas,0,0,0,0,0,0,0,0,0,0
Coxiella,0,0,0,0,0,0,0,0,0,0
Polyomavirus,0,0,0,0,0,0,0,0,0,0
Polistes,0,0,0,0,0,0,0,0,0,0
Zunongwangia,0,0,0,0,0,0,0,0,0,0
Blastopirellula,0,0,0,0,0,0,0,0,0,0
Oligella,0,0,0,0,0,0,0,0,0,0
Capsella,0,0.254651153374866,27.3613185159885,0,0,0,0,0,0,0
Glycomyces,0,0,0,0,22.8456377482298,0,0,0,0,0
Rubinisphaera,0,0,0,0,0,0,0,0,0,0
Psychroflexus,0,0,0,0,0,0,0,0,0,0
Stomatobaculum,0,0,0,0,0,0,0,0,0,0
Saccharicrinis,0,0,0,0,0,0,0,0,0,0
Candidatus Hamiltonella,0,0,0,0,0,0,0,0,0,0
Gemmata,0.359463171635108,0,0,0,0,0,0,0,0,0
Allofustis,0,0,0,0.249862343416277,0,0,0,0,0,0
Chlorobium,0,0,0,0,0,0,0,0,0,0
Labrenzia,0,0,0,0,0,0,0,0,0,0
Prorocentrum,0,0,0,0,0,0,0,21.4076413949601,0,0
Ethanoligenens,0.82397538930249,0,0,0,0,0,0,0,0,0
Crocinitomix,0,0,0,0,0,0,0,0,0,0
Serinicoccus,0,0,0,0,0,0,0,0,0,0
Cotesia,0,0,0,0.758131745667606,0,0,0,0,0,0
Hyalangium,0,0,0,0,0,0,0,0,0,0
Kineococcus,0.739601468357588,0,0,0,0,0,0,0,0,0
Photorhabdus,0,0,0,0,0,0,0,0,11.580397213377,0
Chilo,0,0,0,0,0,0,0,0,0,0
Turicella,0,0,0,0,0,0,0,0,0,0
Methanosaeta,0,0,0,0,0,0,0,0,0,0
Thermobifida,0,0,0,0,0,0,0,0,0,0
Aeromicrobium,0,0,0,0,0,0,0,0,0,0
Faecalicoccus,0,0,0,0,0,0,0,1.41248066332681,0,0
Vollenhovia,0,0,0,0,0,0,0,0,0,0
Asticcacaulis,0,0,0,0,0,0,0,0,0,0
Pelistega,0,0,0,0,0,0,0,0,0,0
Candidatus Aquiluna,0,0,0,0,0,0,0,0,0,0
Aplysia,0,0,0,0,0,0,0,0,0,0
Methylocaldum,0.637832142438387,0,0,0,0,0,0,0,0,0
Promicromonospora,0,0,0,0,0,0,0,0,0,0
Pseudochrobactrum,0,0,0,0,0,0,0,0,0,0
Sedimenticola,0,0,0,0,0,0,0,0,0,0
Scardovia,0,0,0,0,0,0,0,0,0,0
Sediminibacter,0,0,0,5.98534936061329,0,0,0,0,0,0
Myxococcus,0,0,0,0,0,2.36489376297354,0,0,0,0
Rhodopseudomonas,0,0,0,0,0,0,0,0,0,0
Subdoligranulum,0,0,0,0,0,0,0,0,0,0
Moelleriella,0,0,0,0,0,0,6.54640999438416,0,0,0
Strongylocentrotus,0,0,0,0,0,0,0,0,0,0
Vittaforma,0,0,0,0,0,0,0,0,0,0
Thlaspi,0,0,0,0,0,0,0,0,0,0
Phascolarctobacterium,0,0,0,0,0,0,0,0,0,0
Planctopirus,0,0,0,0,0,0,2.43258694319177,0,0,0
Mytilus,0,0,0,0,0,0,0,0,0,0
Hyphomonas,0,0,0,0,0,0,0,0,0,0
Pseudooceanicola,0,0,0,0,0,0,0,0,0,0
Kibdelosporangium,0,0,0,0,0,0,0,0,0,0
Thermomonospora,0,0,0,0,0,0,0,0,0,0
Lelliottia,0,0,0,0,0,0,0,0,0,0
Filomicrobium,0,0,0,0,0,0,0,0,0,0
Kangiella,0,0,0,0,0,0,0,0,0,0
Psychrilyobacter,0,0,0,0,0,0,0,0,0,0
Corvus,0,0,0,0,0,0,0,0,0,0
Frigoribacterium,0.410688974652188,0,0,0,0,0,0,0,0,0
Oceanospirillum,0,0,0,0,0,0,0,0,0,0
Streptobacillus,0,0,0,1.84386611619374,0,0,0,0,0,0
Sinomonas,0,0,0,0,0,0,0,0,0,0
Nakazawaea,0,0,0,0,0,0,0,0,0,0
Rhipicephalus,0,0,0,0,0,0,0,0,0,0
Caballeronia,0,0,0,0,0,0,0,0,0,0
Homolaphlyctis,4.68695646946672,0,0,0,0,0,0,0,0,0
Candidatus Methanoperedens,0,0,0,0,0,0,0,0,0,0
Cardiobacterium,0,0,0,0,0,0,0,0,0,0
Octadecabacter,0,0,0,0,0,0,0,0,0,0
Methylobacillus,0,0,0,0,0,0,0,0,0,0
Plantibacter,0,0,0,0,0,0,0,0,0,0
Aliivibrio,0,0,0,0,0,0,0,0,0,0
Thermobispora,0,0,0,0,0,0,0,0,0,0
Holospora,0,0,0,0,0,0,0,0,0,0
Endocronartium,0,0,0,0,0,0,0,0,0,0
Kuraishia,0,0,0,0,0,0,0,0,0,0
Gammapapillomavirus,0,0,0,0,0,0,0,0,0,0
Rhodoferax,0,0,0,0,0,0,0,0,0,0
Pseudoflavonifractor,0,0,0,0,0,0,0,0,0,0
Moritella,0,0,0,0,0,0,0,0,0,0
