	2016-01-15	2016-01-19	2016-01-26	2016-02-24	2016-03-03
time	1	2	3	4	5
PM1527	-0.711605353388432	-0.712889926700201	-0.705495114302221	1.3960940321642	0.733896362226652
PM0594	-0.625561618841148	-0.681632044978127	-0.708196393667423	1.56069129562954	0.454698761857163
PM1062	-0.634496203018413	-0.628760286271989	-0.891548236352108	1.28431431292828	0.87049041271423
PM1888	-0.760783475398524	-0.617262690886287	-0.658118855733476	1.53484689023969	0.501318131778598
PM0799	-0.62018978587747	-0.608161111155282	-0.627239316172978	1.67961556819793	0.175974645007797
PM0006	-0.721651441963044	-0.61201823657059	-0.811562719549603	1.34188168676881	0.803350711314442
PM1013	-0.652596110323326	-0.762269840531137	-0.750378825045157	1.28980848322535	0.875436292674268
NM0522	-0.653133592017108	-0.69770850222151	-0.751174909115698	1.44668379255741	0.655333210796902
PM1049	-0.468367956797546	-0.783937284594085	-0.824986501140022	1.44355362125969	0.63373812127196
PM2363	-0.72873746001429	-0.709795588481385	-0.692081717256203	1.39424141392474	0.736373351827137
NM4327	-0.889058189193978	-0.655534430443138	-0.617486197883272	1.25606588614175	0.906012931378633
PM1244	-0.693905784914467	-0.690943626326806	-0.660657026461383	1.52900200499619	0.516504432706464
PM1843	-0.729236538910551	-0.749601469555465	-0.39864083002482	1.64049927892133	0.236979559569496
PM1111	-0.730260770815301	-0.72743128937288	-0.721114360988443	0.941149553389687	1.23765686778694
PM0626	-0.596580147228904	-0.658250492471514	-0.669871346634575	1.63682557680664	0.287876409528357
PM0034	-0.622305361500758	-0.599222235674538	-0.631050252401382	1.68108094378884	0.171496905787842
PM2000	-0.709802596713404	-0.713710943444294	-0.76596557929651	1.1346412324786	1.05483788697561
PM1180	1.12276426017639	0.672822191699539	0.273853256716663	-0.847070241369769	-1.22236946722283
NM4287	-0.86305784965871	-0.0439807667457498	-0.723556946920066	1.65202988911836	-0.0214343257938345
PM2540	-0.567997891094795	-0.755744629346238	-0.772133145516259	1.4439753646252	0.651900301332094
PM2688	-0.637523691783648	-0.585502900642117	-0.607558846745784	1.69185585882228	0.138729580349277
PM2739	-0.636367788881402	-0.780653620372019	-0.680412899905659	1.45061198366883	0.646822325490252
PM2871	-1.00421756961368	0.686781585509801	1.12324826675004	-1.08610623664479	0.280293953998608
NM3534	-1.76660300829845	0.340994269410237	0.239541434461364	0.560793962689205	0.625273341737644
PM2367	-0.702216644172549	-0.709307593576036	-0.728339526046171	0.766791985694053	1.3730717781007
PM2644	-1.19383989718594	-0.0836969198624035	-0.207287287036786	1.58574525905194	-0.100921154966818
PM2756	-0.182298189278754	-0.81378591536552	-0.514501335877988	1.7296833100554	-0.219097869533135
PM2846	-0.447213595499958	-0.447213595499958	-0.447213595499958	1.78885438199983	-0.447213595499958
PM2260	-0.712007352766166	-0.700180415865115	-0.718371498526658	1.3947442823003	0.735814984857638
PM1171	0.297933324217345	0.506672458446008	-0.01280657707965	0.896555764865979	-1.68835497044969
PM1976	-0.675934886714527	-0.718499626636558	-0.732837926419389	1.40066357229388	0.726608867476595
NM1446	0.294868840493073	0.248283705132297	0.223497159109588	-1.70763235133758	0.940982646602625
PM2198	-0.701597981218579	-0.727052899451744	-0.715641085640218	1.36198919275363	0.782302773556916
PM2549	-1.44607049598829	0.510788689415549	0.0263988479948677	1.24001261547752	-0.33112965689964
PM2342	-0.164127740788864	-0.640084402760104	-0.384067505336884	1.75815054849424	-0.569870899608391
PM2850	-0.429701864719593	-0.688621465375678	-0.89545366322815	0.501086839649648	1.51269015367377
PM3083	1.13193895754602	-0.34605896571875	0.391931035337178	0.346970558427246	-1.52478158559169
PM3067	-1.47384033249656	-0.0324553143944067	1.31188934016762	0.305518755251754	-0.11111244852841
PM3706	-0.729730339278128	1.03890781042052	-0.729730339278128	1.15028320741386	-0.729730339278128
PM2702	0.131651760073166	-0.991746682337568	-0.95635583510206	1.37445663666564	0.441994120700824
PM1971	-0.0640261654064744	-0.670129122109529	-0.844113644883584	1.68043501957013	-0.102166087170541
PM2336	-0.506785415385068	-0.951063083184772	-0.457037016813751	1.5884623498223	0.32642316556129
PM2246	-0.491715101164326	-0.711704354973067	-0.541340164361495	1.71989114651188	0.0248684739870031
PM2619	-0.18776425552448	-0.681210840082205	-1.15434058592081	1.25792092553318	0.765394755994308
PM2297	-0.647013335698092	-0.759974036297766	-0.764145172529184	1.26303049391658	0.908102050608466
PM1048	-0.528005581379065	-0.743832204215227	-0.583585448020949	1.67136950015972	0.184053733455525
PM2056	-0.705399474985588	-0.720402758341509	-0.620448068725615	1.52557190997363	0.520678392079078
NM3853	-0.362500190217085	-0.288070274519426	-0.299175632520562	1.74866546603988	-0.798919368782804
NM1340	-0.52682518073036	-0.686385819156118	-0.78767822866761	1.56129837945161	0.439590849102483
NM0692	-0.593854880991319	-0.862704452636786	-0.67572418797604	1.36038462074543	0.771898900858714
PM1801	-0.723737207619869	-0.713113857494388	-0.752478413342598	1.04533150808859	1.14399797036827
PM0996	-0.682660309877285	-0.715209498966149	-0.696101412475659	1.4626389274994	0.631332293819692
PM1015	-0.599007577672278	-0.620751743651489	-0.630766828904107	1.68215371644216	0.168372433785719
PM1018	-0.655682315611624	-0.65938218611249	-0.652010115586348	1.60622798939938	0.360846627911085
PM1454	-0.718852807493537	-0.717580373063558	-0.711276477616211	1.35321698994335	0.794492668229959
PM1594	-0.793623858460802	-0.707878200250184	-0.660902538770357	1.29832051254945	0.864084084931887
PM1499	-0.424461523918815	-0.644321741122407	-0.832573959568962	1.62295938054426	0.27839784406592
PM1836	-0.691650536175635	-0.683720938469725	-0.672179868747615	1.52680956033685	0.520741783056127
PM1849	-0.646360572801918	-0.64737626541447	-0.666050905349495	1.61199915275787	0.347788590808017
PM2255	-0.626788561579858	-0.760432585490188	-0.786680625869418	1.24039063960494	0.933511133334525
PM1860	-0.719238531773175	-0.720911155711316	-0.742524072913462	1.21300994410976	0.969663816288194
PM1890	-0.70807075797276	-0.608963120562549	-0.736228223015957	1.51541786233053	0.537844239220734
PM1902	-0.617349079736868	-0.608974184735917	-0.635329386360267	0.185335939588683	1.67631671124437
PM1935	-0.334876277492877	-0.196939985850233	-0.117527077597009	1.67085823249735	-1.02151489155722
PM1936	-0.709320740959516	-0.700523885440334	-0.733929198340523	1.36308718569979	0.780686639040586
PM1944	-0.522396811437373	-0.953391894312553	-0.643603528720148	1.34077283568761	0.778619398782461
PM1956	-0.876287253802692	-0.559386147630605	-0.162407301260471	1.6979009325824	-0.0998202298886393
PM1977	-0.825749344310098	-0.707728857634963	-0.595452488565308	1.37793087430508	0.750999816205294
PM1979	-0.633809873963085	-0.668173009840258	-0.622195730419228	1.63791127920166	0.286267335020909
PM1990	-0.662834318374205	-0.701114827516192	-0.670834471864591	1.54127041639953	0.493513201355456
NM3793	-0.721643093618909	-0.721643093618909	-0.721643093618909	1.29952953941133	0.865399741445395
PM2201	-0.207565004667396	-0.601083918698596	-0.991866588572453	1.60413541139931	0.196380100539134
PM2296	-0.466535355399354	-0.327959840790065	-0.129493199385932	-0.80905681195292	1.73304520752828
PM2318	-1.50388911861849	-0.235043496790075	-0.0210166667375435	1.13874059263307	0.621208689513045
NM2328	-0.676199192672579	-0.693861965243258	-0.786114006236775	1.32179778391634	0.834377380236275
NM3057	-0.429189272871704	-0.438133845185888	-0.412195229286386	1.78765873245601	-0.50814038511203
NM3471	-0.65313766866159	-0.69851978250677	-0.690629864085142	1.53253536220997	0.509751953043533
NM3850	-1.24008375834824	-0.204989357643514	-0.479050387189874	1.37410345719782	0.550020045983804
NM4303	-1.08442311954875	0.588911170179802	0.952969402877278	0.626965666040417	-1.08442311954875
NM4280	-0.0357814286361888	-0.0349331784547065	-0.916319860256861	1.6490990689933	-0.662064601645543
PM2493	-0.543679394970751	-0.833705576002096	-0.729869817426273	1.41166119569174	0.695593592707385
PM2632	-1.33084091329962	-0.206363834618075	-0.36543919461622	1.29967785269952	0.602966089834396
PM0716	-0.683835994526749	-0.700262291836621	-0.692388005539461	1.48918784587383	0.587298446029
PM0901	0.727328014519281	0.726859755855003	0.734007023848205	-1.16411280550164	-1.02408198872084
PM1019	-0.688619898608526	-0.704644667640529	-0.682064973644172	1.49074839895853	0.584581140934695
PM1121	-0.672317095904047	-0.691661489209215	-0.68631187986187	1.5235048491684	0.526785615806732
NM2977	-0.670336469685178	-0.622603382658879	-0.758737829983415	1.51708231164629	0.534595370681188
PM1810	-0.337882354442981	-0.747999018660767	-0.576715455851973	1.72896710553076	-0.0663702765750346
PM1811	-0.486718726692335	-0.752411962229813	-0.920508688933854	0.985948094223774	1.17369128363223
PM2002	-0.557938285307718	-0.663014167072305	-0.687020730415621	1.64570140506557	0.262271777730077
PM2134	-0.774323964568807	-0.693511184928537	-0.711408365710693	1.22892649941521	0.950317015792829
NM3981	-0.121866689727177	-1.42944228122134	-0.319328341658598	1.14772240761959	0.722914904987531
NM3982	-0.614444117823253	-0.866292411303295	-0.364195401750683	1.64269880235637	0.202233128520861
PM2262	-0.652083840626529	-0.669614019674863	-0.622594260399646	1.62354616437875	0.320745956322291
PM2325	0.784839238711585	1.03370925847369	0.172169824787311	-0.605262781204034	-1.38545554076855
PM1926	-0.511631720203954	-0.762579109447475	-0.826660443467772	1.41547573217401	0.685395540945187
PM2291	0.562623251708572	0.55148313576645	0.568654910140302	-1.74694959383598	0.064188296220655
PM2293	-0.653783293681197	-0.605071385557577	-0.643626378946247	1.65212711736159	0.25035394082343
PM2654	-0.389599416192353	-0.446781830861176	-0.490678911706256	1.7876493265325	-0.460589167772723
PM2151	-0.328297410756937	-1.1183819042832	-0.586250875879499	1.35657541301606	0.676354777903585
PM0964	-0.375966162778579	-0.449016557939637	-0.485525993231925	-0.476686794403419	1.78719550835356
PM1704	-0.480211462374135	-0.61129011362326	-0.608628336860443	1.73890465954317	-0.038774746685329
PM2187	-0.713405190711963	-0.596558131268826	-0.717462159276229	1.54531053918671	0.482114942070311
NM4272	-0.817862966519467	-0.778569653536787	-0.578873882357276	1.19686703511454	0.978439467298984
NM4350	-0.0364961391076288	0.0852107002635292	-1.64393874717341	0.888448380100301	0.706775805917205
PM2004	-0.716717263036322	-0.701527520866653	-0.733925059179104	1.3402931662131	0.811876676868975
PM1795	-0.659351749516526	-0.723760104548463	-0.708097537982555	1.46598910194448	0.625220290103067
PM2126	-0.724997735461427	-0.665040072831799	-0.69287379477272	1.47892895301061	0.603982650055332
PM0834	-0.50004979570564	-0.50634919057197	-0.555939473729815	1.7721387726138	-0.209800312606373
NM1550	-0.17617044349631	-0.215195830398329	-0.198517498573176	1.65679064796689	-1.06690687549907
PM1996	-0.675750468681859	-0.712609525286722	-0.774575222886034	1.30105565054592	0.861879566308691
PM0711	-0.425094664097093	-0.518175179921662	-0.519901543958691	1.78278884722809	-0.319617459250646
PM1307	0.0611493578070618	0.522381815374953	0.124556640218541	0.960712622593194	-1.66880043599375
NM0104	0.589880054111044	0.817317551723001	0.775373034988907	-1.11390054679116	-1.06867009403179
PM1768	-0.654519846683846	-0.670651244831703	-0.692019595594287	1.56014335748246	0.457047329627375
PM1927	-0.535153979472044	-0.89744705770095	-0.686746069459862	1.36851230878928	0.750834797843571
PM1024	-0.461812374739197	-0.471738147578173	-0.470257885229412	-0.38384690709118	1.78765531463796
NM2174	0.481197986739348	0.695292032451653	0.979650543888706	-1.05768358064238	-1.09845698243733
PM2111	-0.791434932484425	-0.737388166832544	-0.615023195149539	1.3490489682405	0.794797326226009
PM0320	-0.768883534365988	-0.616367832206224	-0.781265483271948	1.2725140989728	0.894002750871359
NM1145	0.700900440647701	0.757820336797488	0.731724748719482	-1.09522276308234	-1.09522276308234
PM0466	0.462346113360955	0.800246268507108	0.32735122154288	0.147026825666449	-1.73697042907739
PM0682	-0.512242478199167	-0.507765378601954	-0.68747622334656	1.73391459820544	-0.0264305180577593
NM2680	0.329440830136435	0.130016691055675	-0.487182229816169	-1.33462449113792	1.362349199762
PM3167	-0.487031308576363	-0.367877913854074	-1.21600905477034	0.988357820894948	1.08256045630583
PM2383	-0.699521694652142	-0.694260538476936	-0.7244613156795	0.698324296950482	1.41991925185809
PM2128	-0.743678064588153	-0.660176600455913	-0.651492151533428	1.51472705048005	0.540619766097447
PM2384	-0.890710268198321	-0.627382313765271	-0.645046479950589	1.25091590472177	0.912223157192408
PM2807	0.0818543415016077	-0.997764204351763	-0.997764204351763	1.24937663268573	0.664297434516186
PM3023	-0.813819165075903	-0.729378510793549	-0.640122220943432	1.01258400107516	1.17073589573773
PM1040	-0.699635018297183	-0.642282282359131	-0.689480513236907	1.54452420591657	0.48687360797665
PM2594	-0.659552278321809	-0.706537961925541	-0.670082120351493	1.53951973861272	0.496652621986125
NM4337	-0.487809608569096	-0.415170415318664	-0.0387469192179868	1.72480708483803	-0.783080141732284
NM4281	-0.532109830099078	-0.550278688256077	-0.57449110434417	1.75347695193765	-0.0965973292383216
PM2233	-0.745538287365071	-0.701603959383331	-0.675951946704905	1.40885750173827	0.714236691715039
PM2226	-0.739639190947745	-0.721331073015393	-0.662755827053478	0.716708146085651	1.40701794493096
PM2308	-0.525477393999349	-0.761360373396136	-0.699334180668818	1.57733595919572	0.408835988868587
PM2312	-0.737761936896215	-0.664006775133722	-0.71516759882468	1.42084086447672	0.696095446377891
PM2286	-0.612329619072263	-0.705463122072727	-0.636123026126806	1.61485611369961	0.339059653572187
PM2532	0.722042748350962	0.682170353656871	0.692229024156054	-0.637988164544951	-1.45845396161894
NM1254	-0.980118536377482	0.230431024873581	0.350353526598246	1.37945252128314	-0.980118536377482
NM4270	-1.05857109979629	-1.05857109979629	0.31007152758355	1.02592384509864	0.781146826910387
PM2159	-0.613851292414986	-0.714412159471624	-0.705839479092884	1.53945223120691	0.494650699772585
PM2158	-0.755541338753778	-0.568597811663207	-0.671996204851761	1.57339225402315	0.422743101245596
NM3747	-0.652652948564072	-0.673732569845394	-0.717239832222524	1.53048412589126	0.513141224740726
PM2143	-0.72189082336817	-0.651835455857857	-0.741740490721438	1.4225658086094	0.69290096133807
PM2295	-0.148369668665217	-1.53267939626325	0.132375785883422	1.22829836609645	0.320374912948604
PM1149	-0.768137894092151	-0.789218698215306	-0.615635869714604	1.24002534545746	0.932967116564605
PM1900	-0.536458643174943	-0.631242908639356	-0.599187464051973	1.71824104008452	0.0486479757817534
NM2302	1.5138721090674	0.20655504405528	0.0768044806424381	-1.04795862757886	-0.749273006186273
PM2804	-0.19261611748272	-0.931901658287513	-0.887945964202176	1.38106859635655	0.631395143615859
PM2541	-1.35857689585305	0.832655151479471	1.12300965876681	-0.402338307544343	-0.19474960684891
PM2839	-0.595747612112433	-0.681879062349194	-0.610286233666169	0.227866771952813	1.66004613617498
PM1838	-0.513417812095361	-0.541368919065522	-0.552725669580726	-0.156912347727484	1.76442474846909
PM2019	-0.590517284383064	-0.763141058518539	-0.681160317651501	1.53445971110873	0.500358949444373
NM4256	-0.6232949893319	-0.610272377250509	-0.687176926010494	1.63942646497553	0.281317827617371
PM1880	-0.374776112885894	-0.430313756447457	-0.398057062159644	1.78312800153961	-0.579981070046614
NM1240	-0.681926511372886	-0.709896985660585	-0.756368266767896	1.34938266039843	0.798809103402943
